invoice_id,vendor_id,department,category,invoice_date,submitted_date,approved_date,paid_date,amount,currency,status
INV00001,V020,Legal,Software & IT Services,2026-01-19,2026-01-23,2026-01-26,2026-01-29,2122.75,EUR,Paid
INV00002,V003,Operations,Consulting,2026-07-17,2026-07-18,2026-07-22,2026-07-23,760.84,EUR,Paid
INV00003,V016,Marketing,Travel,2026-04-13,2026-04-13,2026-04-21,2026-04-26,19385.8,EUR,Paid
INV00004,V033,Legal,Travel,2026/01/24,2026-01-25,2026-01-26,2026-01-29,190.67,EUR,Paid
INV00005,V009,MARKETING,Professional Services,2026-02-18,2026-02-20,2026-02-21,2026-02-24,3665.08,EUR,Paid
INV00006,V029,HR,Professional Services,2025-10-11,2025-10-12,2025-10-19,2025-10-24,2003.57,EUR,Paid
INV00007,V028,IT,Professional Services,2025-12-27,2025-12-30,2026-01-19,2026-01-22,253.91,EUR,Paid
INV00008,V005,legal,Facilities,2025-11-17,2025-11-22,2025-11-30,2025-12-01,122.51,EUR,Paid
INV00009,V003,  IT  ,Consulting,2025-10-02,2025-10-05,2025-10-07,2025-10-11,179.84,EUR,Paid
INV00010,V038,Operations,Professional Services,2026-02-16,2026-02-20,2026-02-21,2026-03-05,1985.72,EUR,Paid
INV00011,V006,Operations,Software & IT Services,2026-03-31,2026-03-31,2026-04-05,2026-04-06,368.94,EUR,Paid
INV00012,V002,IT,Consulting,2026-04-03,2026-04-06,2026-04-13,2026-04-15,5037.78,EUR,Paid
INV00013,V024,HR,Consulting,2026-08-22,2026-08-22,2026-08-27,2026-08-28,888.81,EUR,Paid
INV00014,V033,HR,Travel,2026-03-13,2026-03-16,2026-03-19,2026-03-21,381.39,EUR,Paid
INV00015,V036,Finance,Consulting,2026-02-27,2026-03-01,2026-03-02,2026-03-05,935.06,EUR,Paid
INV00016,V008,Operations,Software & IT Services,2026-04-02,2026-04-06,2026-04-10,2026-04-12,378.7,EUR,Paid
INV00017,V003,Legal,Consulting,2026-06-06,2026-06-10,2026-06-28,2026-07-02,84.56,EUR,Paid
INV00018,V013,IT,Office Supplies,2026-05-07,2026-05-08,2026-05-15,2026-05-16,384.8,EUR,Paid
INV00019,V004,Marketing,Professional Services,2026-04-11,2026-04-14,2026-04-15,2026-04-16,449.87,EUR,Paid
INV00020,V029,FINANCE,Professional Services,2026-03-18,2026-03-20,2026-03-25,2026-03-28,322.47,EUR,Paid
INV00021,V033,Legal,Travel,2026-08-13,2026-08-16,2026-08-18,2026-08-25,1438.91,EUR,Paid
INV00022,V017,Legal,Consulting,2025-11-23,2025-11-26,2025-11-30,2025-12-09,1524.48,EUR,Paid
INV00023,V017,IT,Consulting,2026-07-15,2026-07-19,2026-07-20,2026-07-28,8337.03,EUR,Paid
INV00024,V038,FINANCE,Professional Services,2026-03-20,2026-03-24,2026-03-26,2026-03-28,193.46,EUR,Paid
INV00025,V016,HR,Travel,2026-08-05,2026-08-05,2026-08-06,2026-08-09,779.19,EUR,  Paid  
INV00026,V005,Finance,Facilities,2026-07-26,2026-07-29,2026-08-07,2026-08-08,8702.56,EUR,Paid
INV00027,V006,IT,Software & IT Services,2026-04-24,2026-04-25,2026-04-29,2026-04-30,1219.27,EUR,Paid
INV00028,V036,Finance,Consulting,2026-01-11,2026-01-14,2026-01-15,2026-01-19,416.07,EUR,Paid
INV00029,V009,Marketing,Professional Services,2025-12-17,2025-12-20,2025-12-26,2025-12-31,145.59,EUR,Paid
INV00030,V023,  Marketing  ,Office Supplies,2026-02-19,2026-02-22,2026-03-03,2026-03-08,11828.52,EUR,Paid
INV00031,V012,Marketing,Professional Services,2026-04-03,2026-04-05,2026-04-13,2026-04-16,2666.68,EUR,Paid
INV00032,V031,finance,Travel,2026-04-28,2026-04-28,2026-04-29,2026-05-04,520.57,EUR,Paid
INV00033,V028,Legal,Professional Services,06/03/2026,2026-06-03,2026-06-04,2026-06-06,205.7,EUR,Paid
INV00034,V016,Marketing,Travel,2025-12-23,2025-12-28,2026-01-01,2026-01-07,1146.73,EUR,Paid
INV00035,V037,Finance,Software & IT Services,2026-07-30,2026-07-30,2026-08-13,2026-08-18,100.23,EUR,paid
INV00036,V032,FINANCE,Software & IT Services,2026-01-04,2026-01-05,2026-01-06,2026-01-14,2072.69,EUR,Paid
INV00037,V010,FINANCE,Consulting,2026-07-15,2026-07-16,2026-07-18,2026-07-19,3292.44,EUR,  Paid  
INV00038,V034,IT,office supplies,2025-11-03,2025-11-06,2025-11-11,2025-11-14,260.6,EUR,Paid
INV00039,V027,Legal,Professional Services,2025-10-28,2025-11-01,2025-11-12,2025-11-15,1287.82,EUR,Paid
INV00040,V027,IT,Professional Services,2026-04-26,2026-05-01,2026-05-03,2026-05-06,179.25,EUR,Paid
INV00041,V037,Marketing,Software & IT Services,2026-03-07,2026-03-08,2026-03-17,2026-03-25,2644.11,EUR,PAID
INV00042,V027,HR,Professional Services,07/07/2026,2026-07-12,2026-07-17,2026-07-19,4679.91,EUR,Paid
INV00043,V016,Legal,Travel,2025-10-28,2025-10-29,2025-10-31,2025-11-01,3347.46,EUR,Paid
INV00044,V026,Marketing,Software & IT Services,2025-10-25,2025-10-29,2025-11-02,2025-11-07,6937.87,EUR,Paid
INV00045,V017,Finance,Consulting,2026-02-06,2026-02-10,2026-02-23,2026-02-24,77.22,EUR,Paid
INV00046,V013,Legal,Office Supplies,2026-03-11,2026-03-14,2026-03-17,2026-03-21,278.5,EUR,Paid
INV00047,V037,Legal,Software & IT Services,2025-12-10,2025-12-10,2025-12-11,2025-12-13,2167.6,EUR,Paid
INV00048,V009,HR,PROFESSIONAL SERVICES,19-Aug-2026,2026-08-24,2026-08-31,2026-09-01,1295.93,EUR,paid
INV00049,V036,IT,Consulting,2025-10-22,2025-10-27,2025-10-28,2025-10-30,392.03,EUR,Paid
INV00050,V011,Marketing,Professional Services,2026-08-16,2026-08-20,2026-08-23,2026-08-25,776.99,EUR,Paid
INV00051,V039,Finance,TRAVEL,2026-06-16,2026-06-16,2026-07-04,2026-07-06,386.15,EUR,Paid
INV00052,V007,Marketing,  Software & IT Services  ,2026-05-30,2026-06-02,2026-06-11,2026-06-12,3427.16,EUR,Paid
INV00053,V034,legal,Office Supplies,2026-03-08,2026-03-08,2026-03-11,2026-03-13,49.85,EUR,Paid
INV00054,V025,HR,Office Supplies,2026-07-28,2026-07-30,2026-08-08,2026-08-09,608.9,EUR,paid
INV00055,V006,Finance,Software & IT Services,2026-04-03,2026-04-06,2026-04-13,2026-04-14,575.52,EUR,PAID
INV00056,V028,Finance,Professional Services,2026-04-09,2026-04-11,2026-04-12,2026-04-14,504.31,EUR,Paid
INV00057,V016,Legal,Travel,2026-04-23,2026-04-28,2026-05-03,2026-05-09,517.77,EUR,Paid
INV00058,V019,IT,Consulting,2026-04-10,2026-04-11,2026-04-15,2026-04-22,1235.26,EUR,Paid
INV00059,V011,Legal,Professional Services,2026-05-25,2026-05-30,2026-05-31,2026-06-05,1233.57,EUR,Paid
INV00060,V035,Marketing,  Facilities  ,2026-07-12,2026-07-16,2026-07-22,2026-07-23,408.81,EUR,Paid
INV00061,V028,Operations,Professional Services,2026-04-26,2026-04-29,2026-05-03,2026-05-05,678.05,EUR,Paid
INV00062,V030,Legal,Office Supplies,2026-06-30,2026-07-02,2026-07-06,2026-07-08,227.66,EUR,Paid
INV00063,V027,Marketing,professional services,2026-01-03,2026-01-03,2026-01-10,2026-01-13,896.73,EUR,Paid
INV00064,V037,Marketing,Software & IT Services,2026-04-18,2026-04-19,2026-04-21,2026-04-25,1423.54,EUR,paid
INV00065,V007,Operations,Software & IT Services,2026-06-18,2026-06-22,2026-06-27,2026-07-02,760.66,EUR,Paid
INV00066,V040,Legal,Facilities,2026-03-13,2026-03-15,2026-03-19,2026-03-25,178.26,EUR,paid
INV00067,V021,Finance,Software & IT Services,2026-05-11,2026-05-13,2026-05-21,2026-06-01,305.98,EUR,Paid
INV00068,V015,IT,Office Supplies,07-May-2026,2026-05-08,2026-05-23,2026-05-27,1263.87,EUR,Paid
INV00069,V028,Marketing,Professional Services,2026-01-10,2026-01-12,2026-01-14,2026-01-17,162.99,EUR,Paid
INV00070,V036,Marketing,Consulting,02-Jul-2026,2026-07-07,2026-07-10,2026-07-15,1011.98,EUR,Paid
INV00071,V028,Marketing,Professional Services,2026-06-11,2026-06-11,2026-06-21,2026-06-26,913.19,EUR,Paid
INV00072,V005,HR,Facilities,2025-12-06,2025-12-06,2025-12-19,2025-12-20,536.51,EUR,Paid
INV00073,V038,IT,Professional Services,2026-03-27,2026-03-30,2026-04-23,2026-05-27,696.53,EUR,Paid
INV00074,V039,HR,Travel,2026-01-01,2026-01-06,2026-01-10,2026-01-11,2598.73,EUR,Paid
INV00075,V003,Operations,  Consulting  ,2026-07-27,2026-08-01,2026-08-05,2026-08-10,97.05,EUR,Paid
INV00076,V002,Operations,Consulting,2026-04-17,2026-04-17,2026-04-20,2026-04-25,280.8,EUR,Paid
INV00077,V014,Finance,Consulting,2026-01-28,2026-01-29,2026-02-01,2026-02-02,1064.57,EUR,PAID
INV00078,V004,Operations,Professional Services,2026-08-20,2026-08-21,2026-08-22,2026-08-24,1977.99,EUR,Paid
INV00079,V003,Marketing,Consulting,2026-08-05,2026-08-09,2026-08-10,2026-08-17,1378.41,EUR,Paid
INV00080,V034,Marketing,Office Supplies,2026-04-30,2026-05-04,2026-05-06,2026-05-09,1213.43,EUR,Paid
INV00081,V027,HR,Professional Services,2026-02-23,2026-02-26,2026-03-02,2026-03-04,263.53,EUR,Paid
INV00082,V007,LEGAL,Software & IT Services,2026-06-08,2026-06-10,2026-06-14,2026-06-15,184.88,EUR,  Paid  
INV00083,V006,marketing,Software & IT Services,2026-08-25,2026-08-28,2026-09-07,2026-09-11,1344.16,EUR,Paid
INV00084,V007,Marketing,Software & IT Services,2026-02-03,2026-02-05,2026-02-10,2026-02-16,358.66,EUR,Paid
INV00085,V023,IT,Office Supplies,2025-10-31,2025-11-05,2025-11-11,2025-11-16,1125.49,EUR,Paid
INV00086,V023,  IT  ,  Office Supplies  ,2026-02-08,2026-02-08,2026-02-11,2026-02-12,3558.85,EUR,Paid
INV00087,V011,Legal,Professional Services,2026-06-01,2026-06-06,2026-06-07,2026-06-12,96.21,EUR,Paid
INV00088,V006,IT,Software & It Services,2025-12-07,2025-12-08,2025-12-20,2025-12-21,3658.75,EUR,Paid
INV00089,V014,Legal,Consulting,2026-05-05,2026-05-07,2026-05-11,2026-05-12,1010.7,EUR,Paid
INV00090,V028,Legal,Professional Services,2026-06-28,2026-07-02,2026-07-12,2026-07-17,2082.1,EUR,Paid
INV00091,V022,HR,Office Supplies,2026-01-22,2026-01-22,2026-01-23,2026-01-24,347.45,EUR,Paid
INV00092,V035,IT,Facilities,2026-01-29,2026-01-30,2026-02-06,2026-02-07,255.4,EUR,Paid
INV00093,V014,Marketing,Consulting,2025-11-30,2025-12-02,2025-12-05,2025-12-15,2629.46,EUR,Paid
INV00094,V035,Finance,Facilities,2026-08-28,2026-09-01,2026-09-09,2026-09-17,44281.17,EUR,Paid
INV00095,V022,IT,Office Supplies,2026-01-18,2026-01-18,2026-01-29,2026-02-04,1000.12,EUR,Paid
INV00096,V022,Finance,Office Supplies,2026-06-10,2026-06-12,2026-06-17,2026-06-18,667.87,EUR,Paid
INV00097,V006,legal,Software & IT Services,2025/11/03,2025-11-08,2025-11-14,2025-11-16,724.8,EUR,Paid
INV00098,V026,Operations,Software & IT Services,2025-10-22,2025-10-22,2025-10-23,2025-10-25,1017.36,EUR,Paid
INV00099,V012,HR,Professional Services,2026-01-23,2026-01-26,2026-02-02,2026-02-04,492.91,EUR,Paid
INV00100,V040,Operations,Facilities,04/13/2026,2026-04-15,2026-04-19,2026-04-20,609.6,EUR,Paid
INV00101,V032,IT,Software & IT Services,2025-09-26,2025-09-28,2025-10-02,2025-10-10,9571.01,EUR,Paid
INV00102,V025,Operations,Office Supplies,2025-10-28,2025-10-28,2025-11-03,2025-11-04,1563.25,EUR,Paid
INV00103,V016,Operations,Travel,2026-05-09,2026-05-09,2026-05-13,2026-05-15,478.45,EUR,Paid
INV00104,V009,HR,Professional Services,2026-07-19,2026-07-24,2026-07-31,2026-08-01,144.38,EUR,Paid
INV00105,V008,Finance,Software & IT Services,2025-11-16,2025-11-17,2025-11-25,2025-12-01,996.35,EUR,Paid
INV00106,V031,HR,Travel,2026-02-02,2026-02-02,2026-02-03,2026-02-06,1391.99,EUR,Paid
INV00107,V005,IT,Facilities,2025-10-30,2025-11-03,2025-11-06,2025-11-10,199.7,EUR,Paid
INV00108,V035,operations,Facilities,2026-07-07,2026-07-11,2026-07-12,2026-07-22,482.39,EUR,Paid
INV00109,V034,HR,Office Supplies,2025-12-24,2025-12-28,2026-01-01,2026-01-11,276.37,EUR,Paid
INV00110,V011,Operations,Professional Services,2026-04-18,2026-04-21,2026-04-29,2026-04-30,478.96,EUR,Paid
INV00111,V019,Marketing,Consulting,2026-06-28,2026-07-01,2026-07-03,2026-07-08,5117.17,EUR,Paid
INV00112,V010,Marketing,Consulting,2026-06-18,2026-06-22,2026-06-26,2026-07-02,2845.89,EUR,Paid
INV00113,V021,Finance,Software & IT Services,2026-07-09,2026-07-14,2026-07-23,2026-07-28,257.52,EUR,Paid
INV00114,V007,Finance,Software & IT Services,2025-12-15,2025-12-20,2026-01-01,2026-01-12,828.64,EUR,Paid
INV00115,V014,IT,Consulting,2026-01-13,2026-01-18,2026-01-26,2026-01-28,183.61,EUR,Paid
INV00116,V009,Finance,Professional Services,2025-11-19,2025-11-20,2025-11-21,2025-11-24,1082.92,EUR,Paid
INV00117,V021,IT,Software & IT Services,2026-06-09,2026-06-09,2026-06-13,2026-06-18,814.3,EUR,Paid
INV00118,V022,IT,Office Supplies,2025-09-01,2025-09-04,2025-09-15,2025-09-16,5897.93,EUR,paid
INV00119,V028,OPERATIONS,PROFESSIONAL SERVICES,2026-08-18,2026-08-22,2026-08-27,2026-08-29,98.56,EUR,Paid
INV00120,V009,Operations,Professional Services,2026-01-27,2026-01-27,2026-02-06,2026-02-17,569.05,EUR,Paid
INV00121,V026,IT,Software & IT Services,2026-01-25,2026-01-30,2026-02-03,2026-02-05,629.56,EUR,Paid
INV00122,V006,Marketing,SOFTWARE & IT SERVICES,2026-08-25,2026-08-28,2026-08-30,2026-09-03,7097.12,EUR,Paid
INV00123,V036,Finance,Consulting,2026-08-17,2026-08-18,2026-08-22,2026-08-24,3069.8,EUR,Paid
INV00124,V038,Marketing,Professional Services,2026-07-17,2026-07-21,2026-07-24,2026-07-29,213.22,EUR,Paid
INV00125,V036,Legal,Consulting,2025-12-10,2025-12-13,2025-12-17,2025-12-23,387.51,EUR,Paid
INV00126,V018,Finance,Consulting,2026-06-05,2026-06-06,2026-06-07,2026-06-12,1991.63,EUR,Paid
INV00127,V018,Legal,Consulting,2025-11-15,2025-11-17,2025-11-19,2025-11-27,1210.44,EUR,Paid
INV00128,V005,IT,Facilities,2025-10-06,2025-10-06,2025-10-07,2025-10-09,794.53,EUR,Paid
INV00129,V005,IT,Facilities,2026-02-04,2026-02-08,2026-02-09,2026-02-10,4781.66,EUR,  Paid  
INV00130,V028,Legal,Professional Services,2026-06-18,2026-06-20,2026-06-21,2026-06-23,1547.33,EUR,Paid
INV00131,V029,Operations,Professional Services,2025-11-02,2025-11-05,2025-11-06,2025-11-11,1023.64,EUR,Paid
INV00132,V017,Legal,Consulting,2026-02-02,2026-02-07,2026-02-09,2026-02-11,1511.66,EUR,  Paid  
INV00133,V037,Operations,Software & IT Services,2026-01-17,2026-01-21,2026-01-27,2026-02-02,271.11,EUR,Paid
INV00134,V025,HR,Office Supplies,2026-05-10,,2026-05-14,2026-05-16,205.64,EUR,Paid
INV00135,V017,Finance,Consulting,07/03/2026,2026-07-03,2026-07-16,2026-07-17,6417.39,EUR,Paid
INV00136,V005,Operations,Facilities,2026-02-12,2026-02-16,2026-02-19,2026-03-02,195.8,EUR,Paid
INV00137,V012,Marketing,Professional Services,2025-09-13,2025-09-13,2025-09-15,2025-09-17,214.29,EUR,PAID
INV00138,V040,IT,Facilities,2026-08-11,2026-08-15,2026-08-22,2026-08-26,1039.02,EUR,Paid
INV00139,V012,HR,Professional Services,2025-09-10,2025-09-15,2025-09-17,2025-09-18,655.66,EUR,Paid
INV00140,V040,Marketing,Facilities,2026-06-22,2026-06-22,2026-06-25,2026-06-26,60.49,EUR,Paid
INV00141,V016,It,Travel,2026-04-28,2026-05-02,2026-05-04,2026-05-05,5624.93,EUR,Paid
INV00142,V015,Legal,Office Supplies,2026-04-14,2026-04-16,2026-04-22,2026-04-26,236.13,EUR,Paid
INV00143,V001,IT,Professional Services,2026-06-26,2026-06-29,2026-07-07,2026-07-09,2026.36,EUR,Paid
INV00144,V013,Legal,  Office Supplies  ,2026-05-09,2026-05-09,2026-05-12,2026-05-13,300.69,EUR,Paid
INV00145,V003,Operations,Consulting,2026-02-25,2026-02-28,2026-03-01,2026-03-03,605.09,EUR,Paid
INV00146,V012,Marketing,Professional Services,2026-02-11,2026-02-16,2026-02-25,2026-03-01,430.75,EUR,Paid
INV00147,V019,Finance,Consulting,2025-11-21,2025-11-23,2025-11-24,2025-11-28,3475.93,EUR,Paid
INV00148,V031,Operations,Travel,2026-08-21,2026-08-24,2026-08-27,2026-09-01,4538.45,EUR,Paid
INV00149,V031,  Marketing  ,Travel,2026-08-05,2026-08-08,2026-08-17,2026-08-21,6401.31,EUR,Paid
INV00150,V001,HR,Professional Services,2025-09-18,,2025-09-27,2025-10-03,459.72,EUR,Paid
INV00151,V004,Finance,Professional Services,2026-02-08,2026-02-10,2026-02-16,2026-02-17,244.89,EUR,Paid
INV00152,V028,Marketing,Professional Services,2025-10-29,2025-11-01,2025-11-05,2025-11-07,3440.52,EUR,  Paid  
INV00153,V015,HR,Office Supplies,2025-08-31,2025-09-05,2025-09-10,2025-09-11,1456.21,EUR,Paid
INV00154,V021,HR,SOFTWARE & IT SERVICES,2026-04-24,2026-04-27,2026-04-30,2026-05-04,1053.92,EUR,Paid
INV00155,V002,Finance,Consulting,2025/12/05,2025-12-09,2025-12-13,2025-12-17,1029.91,EUR,Paid
INV00156,V015,Marketing,  Office Supplies  ,2026-07-15,2026-07-18,2026-07-21,2026-07-24,2568.49,EUR,Paid
INV00157,V028,legal,Professional Services,2026-04-14,2026-04-14,2026-04-21,2026-04-30,1808.08,EUR,Paid
INV00158,V033,IT,  Travel  ,2026-01-14,2026-01-18,2026-01-26,2026-01-28,960.41,EUR,Paid
INV00159,V025,IT,Office Supplies,2026-01-25,2026-01-28,2026-02-01,2026-02-08,1278.74,EUR,PAID
INV00160,V026,Legal,Software & IT Services,05/06/2026,2026-05-06,2026-05-09,2026-05-10,372.13,EUR,Paid
INV00161,V037,Finance,Software & IT Services,2026-07-19,2026-07-23,2026-07-26,2026-07-29,573.91,EUR,Paid
INV00162,V040,IT,Facilities,2026-08-29,2026-08-30,2026-09-02,2026-09-06,219.59,EUR,Paid
INV00163,V023,Marketing,Office Supplies,06/09/2026,2026-06-09,2026-06-20,2026-06-24,696.36,EUR,Paid
INV00164,V036,HR,Consulting,2026-03-27,2026-03-27,2026-04-01,2026-04-04,213.33,EUR,Paid
INV00165,V016,  IT  ,Travel,2025-10-28,2025-10-31,2025-11-01,2025-11-02,263.94,EUR,Paid
INV00166,V032,Finance,  Software & IT Services  ,2026-07-28,2026-07-29,2026-08-09,2026-08-12,1361.06,EUR,  Paid  
INV00167,V019,Operations,Consulting,2026-01-27,2026-01-31,2026-02-02,2026-02-03,1797.56,EUR,Paid
INV00168,V023,Legal,Office Supplies,2026-01-17,2026-01-20,2026-01-28,2026-02-01,473.72,EUR,Paid
INV00169,V018,Operations,Consulting,2026-04-29,2026-04-30,2026-05-03,2026-05-08,1673.69,EUR,Paid
INV00170,V033,Operations,Travel,2026-06-09,2026-06-10,2026-06-18,2026-06-19,8836.73,EUR,Paid
INV00171,V005,Operations,Facilities,2025-12-06,2025-12-10,2025-12-12,2025-12-13,496.94,EUR,Paid
INV00172,V025,HR,Office Supplies,2025-11-08,2025-11-08,2025-11-22,2025-11-26,1759.21,EUR,Paid
INV00173,V029,  Marketing  ,Professional Services,2026-03-31,2026-04-02,2026-04-05,2026-04-13,1539.71,EUR,Paid
INV00174,V007,  HR  ,Software & IT Services,2026-01-14,2026-01-14,2026-01-16,2026-01-21,851.63,EUR,Paid
INV00175,V022,Marketing,Office Supplies,2026-01-30,2026-02-03,2026-02-08,2026-02-09,450.4,EUR,Paid
INV00176,V004,HR,Professional Services,2026-08-03,2026-08-06,2026-08-07,2026-08-08,706.45,EUR,Paid
INV00177,V038,IT,Professional Services,16-Apr-2026,2026-04-20,2026-04-23,2026-04-26,495.32,EUR,Paid
INV00178,V031,Operations,Travel,2026-02-23,2026-02-25,2026-02-26,2026-02-28,872.04,EUR,Paid
INV00179,V031,HR,Travel,2026-06-05,2026-06-08,2026-06-12,2026-06-15,1586.2,EUR,Paid
INV00180,V004,Operations,  Professional Services  ,2026-02-11,2026-02-12,2026-02-13,2026-02-18,4885.06,EUR,Paid
INV00181,V040,Legal,Facilities,2025-12-31,2026-01-04,2026-01-08,2026-01-13,1955.76,EUR,Paid
INV00182,V034,Operations,Office Supplies,2025-12-28,2025-12-31,2026-01-03,2026-01-04,295.61,EUR,Paid
INV00183,V035,FINANCE,Facilities,2026-02-09,2026-02-14,2026-02-16,2026-02-19,535.06,EUR,Paid
INV00184,V010,Operations,Consulting,2026-08-27,2026-08-30,2026-09-02,2026-09-03,1112.31,EUR,Paid
INV00185,V007,Operations,  Software & IT Services  ,2026-08-05,2026-08-10,2026-08-17,2026-08-18,1192.89,EUR,Paid
INV00186,V016,IT,Travel,2026-05-11,2026-05-11,2026-05-17,2026-05-19,970.57,EUR,Paid
INV00187,V040,IT,Facilities,2026-05-15,2026-05-19,2026-05-27,2026-05-30,511.52,EUR,Paid
INV00188,V017,Marketing,Consulting,21-Oct-2025,,2025-10-25,2025-10-28,2725.02,EUR,Paid
INV00189,V010,Finance,CONSULTING,2026-05-27,2026-05-30,2026-06-13,2026-06-17,768.86,EUR,  Paid  
INV00190,V002,Finance,Consulting,2025-11-12,2025-11-15,2025-11-20,2025-11-27,1111.74,EUR,  Paid  
INV00191,V006,Legal,Software & IT Services,11/18/2025,2025-11-18,2025-11-29,2025-12-05,1216.16,EUR,Paid
INV00192,V006,Operations,Software & IT Services,2026-01-13,2026-01-15,2026-01-19,2026-01-25,450.54,EUR,Paid
INV00193,V017,HR,Consulting,2026-08-20,2026-08-23,2026-08-24,2026-08-30,219.89,EUR,Paid
INV00194,V024,Legal,CONSULTING,2025-10-11,2025-10-13,2025-10-27,2025-10-30,163.33,EUR,Paid
INV00195,V006,Legal,Software & IT Services,2026-05-31,2026-06-03,2026-06-09,2026-06-10,434.89,EUR,  Paid  
INV00196,V036,Marketing,consulting,2026-07-17,2026-07-22,2026-07-30,2026-08-03,115.54,EUR,Paid
INV00197,V029,Operations,Professional Services,2026-06-04,2026-06-04,2026-06-05,2026-06-08,247.95,EUR,Paid
INV00198,V013,HR,Office Supplies,2025-10-05,2025-10-06,2025-10-08,2025-10-09,4107.28,EUR,Paid
INV00199,V014,Legal,Consulting,2026-08-16,2026-08-18,2026-08-19,2026-08-20,202.73,EUR,Paid
INV00200,V009,IT,Professional Services,2025-10-16,2025-10-19,2025-10-23,2025-11-09,3407.39,EUR,Paid
INV00201,V023,Finance,Office Supplies,2026-07-21,2026-07-26,2026-07-31,2026-08-04,148.34,EUR,Paid
INV00202,V007,Finance,Software & IT Services,2026-04-15,2026-04-16,2026-04-19,2026-04-21,827.0,EUR,Paid
INV00203,V034,Legal,Office Supplies,2026-01-31,2026-01-31,2026-02-03,2026-02-05,2072.42,EUR,Paid
INV00204,V004,Finance,Professional Services,2026-02-13,2026-02-13,2026-02-14,2026-02-20,1175.4,EUR,PAID
INV00205,V035,Marketing,Facilities,2026-03-02,2026-03-04,2026-03-07,2026-03-08,1982.48,EUR,Paid
INV00206,V037,Operations,Software & IT Services,2025-11-13,2025-11-14,2025-11-15,2025-11-17,92.21,EUR,Paid
INV00207,V007,hr,Software & IT Services,2026/03/29,2026-04-02,2026-04-04,2026-04-05,1416.11,EUR,Paid
INV00208,V014,Legal,Consulting,2025-12-01,2025-12-02,2025-12-05,2025-12-09,311.3,EUR,Paid
INV00209,V033,IT,Travel,2025-10-10,2025-10-14,2025-10-15,2025-10-17,275.42,EUR,Paid
INV00210,V002,Operations,Consulting,2026-07-14,2026-07-19,2026-07-29,2026-07-30,304.52,EUR,Paid
INV00211,V035,IT,Facilities,2026-05-12,2026-05-16,2026-05-24,2026-05-26,1212.92,EUR,Paid
INV00212,V004,IT,Professional Services,2025-12-27,2025-12-30,2025-12-31,2026-01-02,682.18,EUR,Paid
INV00213,V039,Legal,Travel,2026-01-08,2026-01-11,2026-01-14,2026-01-16,340.02,EUR,Paid
INV00214,V033,Marketing,Travel,2026-08-07,2026-08-07,2026-08-15,2026-08-18,1790.8,EUR,Paid
INV00215,V004,Operations,Professional Services,2026-01-25,2026-01-30,2026-01-31,2026-02-01,444.03,EUR,Paid
INV00216,V021,HR,Software & IT Services,11/19/2025,2025-11-19,2025-11-21,2025-11-23,2954.75,EUR,Paid
INV00217,V019,Operations,Consulting,2026-02-23,2026-02-27,2026-03-03,2026-03-04,1566.72,EUR,Paid
INV00218,V018,Marketing,Consulting,2026-07-24,2026-07-27,2026-08-01,2026-08-07,549.8,EUR,paid
INV00219,V030,Legal,Office Supplies,2026-01-06,2026-01-09,2026-01-11,2026-01-17,685.01,EUR,Paid
INV00220,V008,Marketing,Software & IT Services,2025-12-10,2025-12-13,2025-12-19,2025-12-20,540.08,EUR,Paid
INV00221,V007,Operations,Software & IT Services,2025-10-24,2025-10-25,2025-10-27,2025-10-28,678.59,EUR,Paid
INV00222,V025,OPERATIONS,Office Supplies,2026-06-19,2026-06-21,2026-07-05,2026-07-06,4297.74,EUR,Paid
INV00223,V014,HR,Consulting,2026-01-29,2026-02-03,2026-02-05,2026-02-06,352.29,EUR,Paid
INV00224,V002,Marketing,Consulting,2025-09-11,2025-09-16,2025-09-20,2025-09-23,1981.89,EUR,Paid
INV00225,V036,Operations,Consulting,2026-01-18,2026-01-18,2026-01-19,2026-01-20,15357.73,EUR,Paid
INV00226,V006,HR,Software & IT Services,2026-08-17,2026-08-22,2026-08-27,2026-08-28,1494.57,EUR,Paid
INV00227,V021,Finance,Software & IT Services,2026-07-07,2026-07-12,2026-07-24,2026-07-29,245.07,EUR,Paid
INV00228,V028,Operations,Professional Services,2026-01-24,2026-01-25,2026-02-05,2026-02-06,2086.66,EUR,Paid
INV00229,V035,HR,Facilities,2026-02-27,2026-02-28,2026-03-03,2026-03-05,636.81,EUR,Paid
INV00230,V040,LEGAL,Facilities,2025-12-06,2025-12-10,2025-12-12,2025-12-14,254.73,EUR,Paid
INV00231,V002,Marketing,Consulting,08/13/2026,2026-08-18,2026-08-25,2026-08-26,4059.69,EUR,Paid
INV00232,V033,legal,Travel,2026-08-14,2026-08-15,2026-08-21,2026-08-22,213.39,EUR,Paid
INV00233,V035,Legal,Facilities,2025-10-19,2025-10-24,2025-10-27,2025-10-28,778.83,EUR,Paid
INV00234,V032,Legal,software & it services,2025/09/20,2025-09-22,2025-09-29,2025-10-03,1550.05,EUR,Paid
INV00235,V015,Operations,Office Supplies,2025-09-17,2025-09-21,2025-09-24,2025-09-28,454.19,EUR,Paid
INV00236,V021,  Marketing  ,Software & IT Services,2025-11-06,2025-11-06,2025-12-13,2026-01-26,602.87,EUR,Paid
INV00237,V033,Marketing,Travel,2026-02-14,2026-02-19,2026-02-20,2026-02-21,1339.54,EUR,Paid
INV00238,V022,Operations,Office Supplies,2025-11-28,2025-11-29,2025-12-06,2025-12-10,1264.33,EUR,Paid
INV00239,V001,It,Professional Services,2026-06-03,2026-06-05,2026-06-12,2026-06-13,1971.4,EUR,Paid
INV00240,V033,HR,  Travel  ,2026-05-14,2026-05-16,2026-05-27,2026-06-02,1638.48,EUR,Paid
INV00241,V016,IT,Travel,2026-01-09,2026-01-12,2026-01-22,2026-01-25,1180.79,EUR,PAID
INV00242,V014,Marketing,  Consulting  ,2026-02-20,2026-02-20,2026-02-23,2026-02-24,525.7,EUR,Paid
INV00243,V025,Operations,office supplies,2025-10-08,2025-10-09,2025-10-15,2025-10-17,488.4,EUR,Paid
INV00244,V024,IT,Consulting,2026-08-12,2026-08-17,2026-09-23,2026-10-04,488.18,EUR,Paid
INV00245,V001,  Legal  ,Professional Services,03/22/2026,2026-03-26,2026-04-02,2026-04-12,3188.79,EUR,Paid
INV00246,V016,Marketing,Travel,2025-10-16,2025-10-19,2025-10-23,2025-10-24,235.0,EUR,Paid
INV00247,V009,  Finance  ,Professional Services,2026-01-13,2026-01-17,2026-02-13,2026-03-09,893.36,EUR,Paid
INV00248,V011,Finance,Professional Services,2026-04-20,2026-04-22,2026-04-23,2026-04-30,1087.26,EUR,Paid
INV00249,V015,  Legal  ,Office Supplies,2026-08-10,2026-08-12,2026-08-18,2026-08-22,578.14,EUR,Paid
INV00250,V020,HR,Software & IT Services,2026-03-14,2026-03-19,2026-03-23,2026-03-27,3937.23,EUR,Paid
INV00251,V020,Marketing,Software & IT Services,2025-10-25,2025-10-30,2025-11-09,2025-11-15,2565.75,EUR,Paid
INV00252,V002,IT,Consulting,29-Apr-2026,2026-04-29,2026-05-07,2026-05-10,1346.38,EUR,Paid
INV00253,V031,HR,Travel,2026-06-14,2026-06-16,2026-06-17,2026-06-20,1632.89,EUR,Paid
INV00254,V004,HR,Professional Services,2025-12-22,2025-12-27,2026-01-05,2026-01-09,1075.72,EUR,Paid
INV00255,V034,finance,Office Supplies,22-Jul-2026,2026-07-25,2026-08-02,2026-08-08,1307.17,EUR,Paid
INV00256,V002,Legal,Consulting,2026-02-01,2026-02-06,2026-02-07,2026-02-11,1897.7,EUR,Paid
INV00257,V002,Operations,Consulting,2025-10-29,2025-10-30,2025-11-02,2025-11-03,448.95,EUR,Paid
INV00258,V036,Finance,Consulting,2025-09-19,2025-09-21,2025-09-24,2025-09-26,3468.39,EUR,Paid
INV00259,V040,Operations,Facilities,2025-10-29,2025-10-29,2025-11-02,2025-11-07,720.43,EUR,Paid
INV00260,V022,IT,Office Supplies,2026-06-02,2026-06-03,2026-06-06,2026-06-09,12847.05,EUR,Paid
INV00261,V029,Operations,Professional Services,2026-04-20,2026-04-22,2026-04-29,2026-04-30,280.28,EUR,Paid
INV00262,V039,Legal,Travel,2026-08-22,2026-08-26,2026-08-28,2026-09-06,3118.91,EUR,Paid
INV00263,V024,Operations,Consulting,2026-06-27,2026-07-02,2026-07-09,2026-07-10,432.4,EUR,Paid
INV00264,V014,Legal,Consulting,2025-11-18,2025-11-21,2025-11-28,2025-11-29,810.5,EUR,PAID
INV00265,V034,Legal,  Office Supplies  ,2025-10-20,2025-10-23,2025-10-26,2025-10-29,700.59,EUR,Paid
INV00266,V034,HR,Office Supplies,2026-03-27,2026-03-29,2026-03-30,2026-04-03,413.64,EUR,Paid
INV00267,V039,Finance,Travel,2026-08-19,2026-08-21,2026-08-28,2026-09-09,1030.53,EUR,Paid
INV00268,V018,IT,  Consulting  ,2026-04-15,2026-04-18,2026-04-23,2026-04-28,439.71,EUR,Paid
INV00269,V026,it,SOFTWARE & IT SERVICES,2026-03-04,2026-03-04,2026-03-12,2026-03-20,1594.37,EUR,Paid
INV00270,V015,Legal,Office Supplies,07-Mar-2026,2026-03-11,2026-04-04,2026-06-01,390.22,EUR,Paid
INV00271,V008,Legal,Software & IT Services,2026-03-02,2026-03-02,2026-03-03,2026-03-04,14688.63,EUR,Paid
INV00272,V027,Operations,Professional Services,2026-01-19,2026-01-20,2026-01-21,2026-01-24,4038.23,EUR,Paid
INV00273,V029,Finance,Professional Services,2026-04-20,2026-04-20,2026-04-24,2026-04-27,91.72,EUR,Paid
INV00274,V003,Legal,Consulting,2025-12-17,2025-12-22,2025-12-24,2025-12-26,3150.13,EUR,Paid
INV00275,V030,Legal,Office Supplies,2026-07-02,2026-07-02,2026-07-12,2026-07-21,447.89,EUR,Paid
INV00276,V017,Finance,Consulting,2026-02-17,2026-02-18,2026-02-20,2026-02-27,3664.07,EUR,Paid
INV00277,V021,IT,Software & IT Services,2026-06-16,2026-06-17,2026-06-18,2026-06-20,472.28,EUR,paid
INV00278,V036,Finance,  Consulting  ,2026-06-10,2026-06-11,2026-06-20,2026-06-22,689.87,EUR,Paid
INV00279,V022,HR,Office Supplies,2025-12-19,2025-12-20,2025-12-21,2025-12-22,1626.32,EUR,Paid
INV00280,V029,Marketing,Professional Services,2025-11-14,2025-11-18,2025-11-22,2025-11-29,769.43,EUR,Paid
INV00281,V029,Finance,Professional Services,2026-01-19,2026-01-20,2026-01-22,2026-01-25,194.41,EUR,Paid
INV00282,V009,IT,  Professional Services  ,2026-06-03,2026-06-05,2026-07-15,2026-07-30,2080.48,EUR,Paid
INV00283,V021,IT,Software & IT Services,2025-10-26,2025-10-31,2025-11-08,2025-11-12,830.1,EUR,Paid
INV00284,V015,Finance,Office Supplies,2025-11-06,2025-11-06,2025-11-08,2025-11-10,306.68,EUR,Paid
INV00285,V023,Marketing,Office Supplies,2025-12-30,2026-01-03,2026-01-11,2026-01-12,618.25,EUR,Paid
INV00286,V026,Marketing,Software & IT Services,08-Sep-2025,2025-09-09,2025-09-11,2025-09-12,1556.19,EUR,Paid
INV00287,V024,Marketing,Consulting,2025-09-26,2025-09-27,2025-09-30,2025-10-01,3114.54,EUR,Paid
INV00288,V020,Legal,Software & IT Services,2026-04-03,2026-04-07,2026-04-10,2026-04-11,936.58,EUR,Paid
INV00289,V007,finance,Software & IT Services,2025-10-02,2025-10-05,2025-10-08,2025-10-12,93.21,EUR,Paid
INV00290,V025,  Operations  ,Office Supplies,2026-03-04,2026-03-08,2026-03-10,2026-03-13,102.21,EUR,Paid
INV00291,V031,HR,Travel,2025-10-25,2025-10-28,2025-11-11,2025-11-15,497.71,EUR,Paid
INV00292,V023,Hr,Office Supplies,12/22/2025,2025-12-26,2025-12-27,2025-12-28,2485.44,EUR,Paid
INV00293,V026,Finance,Software & IT Services,2026-08-03,2026-08-07,2026-08-17,2026-08-19,141.7,EUR,Paid
INV00294,V022,Marketing,Office Supplies,2026-04-22,2026-04-27,2026-05-07,2026-05-09,710.15,EUR,Paid
INV00295,V024,Finance,Consulting,2025-10-01,2025-10-04,2025-10-11,2025-10-16,1881.94,EUR,Paid
INV00296,V038,Operations,Professional Services,2026-04-06,2026-04-11,2026-04-12,2026-04-17,4542.39,EUR,Paid
INV00297,V009,Finance,Professional Services,2026-05-09,2026-05-14,2026-05-19,2026-05-24,2951.49,EUR,Paid
INV00298,V028,Operations,  Professional Services  ,2025-10-07,2025-10-07,2025-10-10,2025-10-17,398.5,EUR,Paid
INV00299,V031,MARKETING,Travel,2026-07-08,2026-07-09,2026-07-30,2026-07-31,367.8,EUR,Paid
INV00300,V008,Finance,Software & IT Services,2025-11-03,2025-11-05,2025-11-10,2025-11-17,1563.02,EUR,Paid
INV00301,V015,hr,Office Supplies,2026-07-21,2026-07-25,2026-07-26,2026-08-02,268.75,EUR,Paid
INV00302,V015,HR,office supplies,2026-08-30,2026-09-01,2026-09-05,2026-09-11,671.06,EUR,Paid
INV00303,V032,Operations,Software & IT Services,2026-07-02,2026-07-06,2026-07-10,2026-07-14,247.68,EUR,Paid
INV00304,V029,Marketing,Professional Services,2026-04-20,2026-04-24,2026-04-30,2026-05-07,1018.23,EUR,Paid
INV00305,V033,HR,Travel,2026-04-08,2026-04-08,2026-04-10,2026-04-11,257.06,EUR,Paid
INV00306,V020,Legal,Software & IT Services,2025-10-28,2025-11-02,2025-11-06,2025-11-08,3496.69,EUR,Paid
INV00307,V033,Legal,Travel,2026-06-09,2026-06-14,2026-06-17,2026-06-18,3993.42,EUR,Paid
INV00308,V040,IT,Facilities,2026-04-08,2026-04-11,2026-04-20,2026-04-27,60.58,EUR,Paid
INV00309,V011,IT,Professional Services,2026-03-30,2026-04-01,2026-04-03,2026-04-09,258.14,EUR,Paid
INV00310,V011,Operations,Professional Services,2026-03-23,2026-03-26,2026-03-28,2026-04-04,560.56,EUR,Paid
INV00311,V018,Legal,Consulting,2025-10-18,2025-10-20,2025-10-31,2025-11-09,26.01,EUR,Paid
INV00312,V036,Operations,CONSULTING,2026-02-07,2026-02-12,2026-02-17,2026-02-24,447.5,EUR,paid
INV00313,V037,Marketing,Software & IT Services,2026-03-10,2026-03-11,2026-03-19,2026-03-24,1659.18,EUR,Paid
INV00314,V040,Legal,Facilities,2026-04-30,2026-04-30,2026-05-01,2026-05-05,1627.19,EUR,Paid
INV00315,V020,Finance,Software & IT Services,2025-10-13,2025-10-13,2025-10-14,2025-10-21,1490.22,EUR,Paid
INV00316,V010,Operations,  Consulting  ,2025-10-19,2025-10-24,2025-11-02,2025-11-06,394.35,EUR,Paid
INV00317,V024,Legal,Consulting,2026-03-09,2026-03-10,2026-03-11,2026-03-13,2240.62,EUR,Paid
INV00318,V011,HR,Professional Services,2025-09-30,2025-10-04,2025-10-09,2025-10-11,541.4,EUR,Paid
INV00319,V033,HR,Travel,2026-06-14,2026-06-16,2026-06-20,2026-06-27,2571.8,EUR,Paid
INV00320,V035,Legal,Facilities,2025/11/01,2025-11-04,2025-11-05,2025-11-07,351.83,EUR,Paid
INV00321,V010,Marketing,  Consulting  ,2026-08-06,2026-08-09,2026-08-16,2026-08-21,216.53,EUR,Paid
INV00322,V012,Legal,Professional Services,2025-09-26,2025-09-28,2025-10-01,2025-10-04,4835.33,EUR,Paid
INV00323,V018,  HR  ,Consulting,2026-02-06,2026-02-08,2026-02-15,2026-02-22,2961.92,EUR,Paid
INV00324,V004,finance,Professional Services,2026-06-22,2026-06-26,2026-06-29,2026-06-30,318.93,EUR,Paid
INV00325,V028,it,  Professional Services  ,2025-11-18,2025-11-23,2025-12-08,2025-12-12,2240.98,EUR,Paid
INV00326,V001,Operations,Professional Services,2025-12-23,2025-12-23,2025-12-30,2026-01-01,2375.01,EUR,Paid
INV00327,V001,Marketing,Professional Services,2026-06-11,2026-06-13,2026-06-14,2026-06-15,375.53,EUR,Paid
INV00328,V012,Finance,Professional Services,2026-01-20,2026-01-24,2026-01-27,2026-01-28,2863.21,EUR,Paid
INV00329,V029,It,Professional Services,2026-04-07,2026-04-11,2026-04-13,2026-04-20,627.57,EUR,paid
INV00330,V012,hr,Professional Services,11-Jul-2026,2026-07-16,2026-07-17,2026-07-20,297.17,EUR,Paid
INV00331,V032,Legal,Software & It Services,2026-06-12,2026-06-12,2026-06-15,2026-06-16,845.51,EUR,Paid
INV00332,V006,HR,Software & IT Services,2026-08-02,2026-08-07,2026-08-10,2026-08-12,3882.99,EUR,Paid
INV00333,V018,Marketing,Consulting,09/14/2025,2025-09-15,2025-09-16,2025-09-17,466.94,EUR,Paid
INV00334,V039,marketing,Travel,2026-08-25,2026-08-27,2026-09-04,2026-09-05,199.11,EUR,Paid
INV00335,V026,Marketing,Software & IT Services,2026-02-26,2026-02-26,2026-03-11,2026-03-15,844.09,EUR,Paid
INV00336,V024,IT,Consulting,2025-11-12,2025-11-16,2025-11-17,2025-11-21,598.9,EUR,Paid
INV00337,V002,Legal,Consulting,2026-03-24,2026-03-24,2026-04-01,2026-04-02,1020.2,EUR,Paid
INV00338,V038,it,Professional Services,2026-07-21,2026-07-21,2026-07-23,2026-07-29,1570.26,EUR,Paid
INV00339,V004,Finance,PROFESSIONAL SERVICES,2026-05-29,2026-05-30,2026-06-09,2026-06-11,1751.82,EUR,Paid
INV00340,V002,operations,Consulting,2026-04-02,2026-04-05,2026-04-08,2026-04-11,1219.47,EUR,Paid
INV00341,V013,Marketing,Office Supplies,2025/11/19,2025-11-21,2025-11-23,2025-11-30,792.28,EUR,Paid
INV00342,V002,Marketing,Consulting,2026-02-13,2026-02-17,2026-03-02,2026-03-11,303.08,EUR,Paid
INV00343,V035,HR,Facilities,2025-10-13,2025-10-13,2025-10-20,2025-10-26,558.79,EUR,Paid
INV00344,V018,IT,Consulting,2025-11-19,2025-11-23,2025-11-24,2025-11-30,740.01,EUR,Paid
INV00345,V028,Finance,Professional Services,2026-08-11,2026-08-11,2026-08-21,2026-08-22,1026.03,EUR,Paid
INV00346,V003,Marketing,Consulting,2026-04-14,2026-04-19,2026-04-21,2026-04-24,1288.5,EUR,Paid
INV00347,V023,Operations,OFFICE SUPPLIES,2026-05-06,2026-05-10,2026-05-15,2026-05-20,1036.89,EUR,Paid
INV00348,V032,Operations,Software & IT Services,2026-03-31,2026-04-02,2026-04-05,2026-04-06,346.18,EUR,paid
INV00349,V028,IT,Professional Services,2026-05-20,2026-05-20,2026-06-01,2026-06-03,216.83,EUR,Paid
INV00350,V018,Marketing,Consulting,2026-04-08,2026-04-08,2026-04-09,2026-04-14,309.25,EUR,Paid
INV00351,V005,Marketing,Facilities,2026-08-13,2026-08-18,2026-08-20,2026-08-29,828.05,EUR,Paid
INV00352,V016,HR,Travel,2026/05/07,2026-05-11,2026-05-13,2026-05-16,242.79,EUR,Paid
INV00353,V010,Legal,Consulting,2026-02-04,2026-02-04,2026-02-07,2026-02-11,180.32,EUR,Paid
INV00354,V037,IT,Software & IT Services,2026-03-21,2026-03-25,2026-03-27,2026-04-02,296.93,EUR,Paid
INV00355,V012,Finance,Professional Services,2025-09-03,2025-09-04,2025-09-07,2025-09-10,555.35,EUR,Paid
INV00356,V038,Marketing,Professional Services,2025-12-17,2025-12-18,2025-12-24,2025-12-26,926.15,EUR,PAID
INV00357,V002,Marketing,Consulting,2026-01-26,2026-01-28,2026-02-03,2026-02-05,1360.0,EUR,Paid
INV00358,V037,Finance,Software & IT Services,2025-09-03,2025-09-06,2025-09-09,2025-09-13,746.09,EUR,Paid
INV00359,V013,Legal,Office Supplies,2026-04-08,2026-04-09,2026-04-14,2026-04-17,1631.09,EUR,Paid
INV00360,V018,it,CONSULTING,2026/03/13,2026-03-17,2026-03-22,2026-03-28,2190.13,EUR,Paid
INV00361,V025,Legal,Office Supplies,2025-12-26,2025-12-30,2026-01-04,2026-01-16,51.99,EUR,Paid
INV00362,V040,HR,Facilities,2026-08-08,2026-08-10,2026-08-15,2026-08-25,2187.53,EUR,Paid
INV00363,V007,Finance,software & it services,2026-03-22,2026-03-27,2026-04-01,2026-04-04,793.95,EUR,Paid
INV00364,V013,Finance,Office Supplies,2026/04/11,2026-04-11,2026-04-16,2026-04-19,180.49,EUR,Paid
INV00365,V028,Operations,Professional Services,2025-10-09,2025-10-11,2025-10-20,2025-10-21,100.02,EUR,Paid
INV00366,V035,HR,Facilities,2026-04-07,2026-04-11,2026-04-12,2026-04-15,916.69,EUR,paid
INV00367,V040,Operations,Facilities,2026-08-29,2026-09-03,2026-09-06,2026-09-11,565.84,EUR,Paid
INV00368,V027,Operations,Professional Services,2026-01-26,2026-01-26,2026-01-29,2026-02-02,2158.78,EUR,Paid
INV00369,V019,Operations,Consulting,2025-09-10,2025-09-12,2025-09-16,2025-09-19,494.64,EUR,Paid
INV00370,V009,IT,Professional Services,2026-07-13,2026-07-16,2026-07-20,2026-07-22,5229.4,EUR,Paid
INV00371,V004,Legal,Professional Services,2026-03-04,2026-03-04,2026-03-09,2026-03-11,3150.36,EUR,Paid
INV00372,V027,Operations,Professional Services,10/24/2025,2025-10-25,2025-11-07,2025-11-17,1379.12,EUR,  Paid  
INV00373,V039,Operations,Travel,2026-06-28,2026-07-01,2026-07-04,2026-07-07,8055.58,EUR,Paid
INV00374,V026,HR,Software & IT Services,2025-10-10,2025-10-13,2025-10-17,2025-10-19,1101.2,EUR,Paid
INV00375,V008,Marketing,Software & IT Services,2026-02-20,2026-02-21,2026-02-23,2026-02-28,2859.59,EUR,Paid
INV00376,V001,Marketing,Professional Services,2025-11-25,2025-11-25,2025-11-29,2025-12-01,507.62,EUR,Paid
INV00377,V039,HR,Travel,2026-07-21,2026-07-21,2026-07-22,2026-07-28,288.77,EUR,Paid
INV00378,V034,HR,Office Supplies,2026/05/19,2026-05-20,2026-05-23,2026-05-25,483.59,EUR,Paid
INV00379,V007,MARKETING,Software & IT Services,2026-02-26,2026-03-03,2026-03-05,2026-03-13,205.88,EUR,Paid
INV00380,V016,Legal,Travel,2025-11-14,2025-11-15,2025-11-18,2025-11-20,479.51,EUR,Paid
INV00381,V025,Finance,OFFICE SUPPLIES,2025-11-13,2025-11-15,2025-11-20,2025-11-21,1583.44,EUR,Paid
INV00382,V036,IT,Consulting,2025-11-27,2025-12-01,2026-01-03,2026-01-15,690.16,EUR,Paid
INV00383,V013,IT,Office Supplies,08/01/2026,2026-08-01,2026-08-07,2026-08-15,898.93,EUR,Paid
INV00384,V033,IT,Travel,2026-07-18,2026-07-21,2026-07-22,2026-07-31,556.59,EUR,Paid
INV00385,V035,Operations,Facilities,2026-06-15,2026-06-19,2026-06-25,2026-06-27,562.87,EUR,Paid
INV00386,V014,Operations,Consulting,2026-08-14,2026-08-18,2026-08-19,2026-08-23,4846.17,EUR,PAID
INV00387,V036,Legal,Consulting,2026-07-22,2026-07-26,2026-08-07,2026-08-13,313.62,EUR,Paid
INV00388,V032,Marketing,Software & IT Services,2026-07-18,2026-07-20,2026-08-13,2026-10-02,1262.82,EUR,Paid
INV00389,V022,IT,Office Supplies,2026-04-13,2026-04-13,2026-04-15,2026-04-21,1127.81,EUR,paid
INV00390,V039,Operations,Travel,2026-04-14,2026-04-19,2026-04-21,2026-04-25,184.22,EUR,  Paid  
INV00391,V017,Marketing,  Consulting  ,2026-01-18,2026-01-22,2026-01-25,2026-01-28,970.64,EUR,Paid
INV00392,V005,Finance,Facilities,27-Feb-2026,2026-03-03,2026-03-06,2026-03-08,1957.99,EUR,Paid
INV00393,V036,Finance,Consulting,2026-02-05,2026-02-08,2026-02-11,2026-02-12,1096.44,EUR,Paid
INV00394,V022,Operations,Office Supplies,2025-09-19,2025-09-19,2025-09-30,2025-10-05,191.81,EUR,Paid
INV00395,V030,Marketing,Office Supplies,2026-01-24,2026-01-24,2026-01-26,2026-01-28,1891.37,EUR,Paid
INV00396,V031,Legal,Travel,2025-10-16,2025-10-20,2025-10-22,2025-10-28,854.92,EUR,Paid
INV00397,V007,HR,Software & IT Services,2026-05-17,2026-05-20,2026-05-24,2026-05-26,3560.39,EUR,Paid
INV00398,V022,operations,Office Supplies,2026-06-24,2026-06-28,2026-07-02,2026-07-03,133.56,EUR,Paid
INV00399,V018,Legal,Consulting,2025-09-21,2025-09-24,2025-09-26,2025-10-02,201.5,EUR,Paid
INV00400,V033,HR,TRAVEL,2026-07-30,2026-07-31,2026-08-10,2026-08-11,980.51,EUR,Paid
INV00401,V003,Marketing,Consulting,2026-07-06,2026-07-09,2026-07-11,2026-07-17,136.6,EUR,Paid
INV00402,V025,HR,Office Supplies,2025-11-16,2025-11-16,2025-11-18,2025-11-21,1166.13,EUR,Paid
INV00403,V024,Operations,Consulting,2025-10-22,2025-10-24,2025-10-26,2025-10-29,123.72,EUR,Paid
INV00404,V038,Legal,Professional Services,2025-10-13,2025-10-17,2025-10-23,2025-10-25,2131.71,EUR,Paid
INV00405,V020,Legal,Software & IT Services,27-Nov-2025,2025-11-27,2025-12-05,2025-12-06,7547.22,EUR,Paid
INV00406,V023,IT,Office Supplies,08/28/2026,2026-08-31,2026-09-07,2026-09-17,500.08,EUR,Paid
INV00407,V001,Operations,Professional Services,2026-05-26,2026-05-30,2026-06-01,2026-06-03,91.98,EUR,Paid
INV00408,V030,HR,Office Supplies,2025-11-20,2025-11-22,2025-11-25,2025-11-26,3086.55,EUR,Paid
INV00409,V001,  Marketing  ,Professional Services,2026-01-22,2026-01-25,2026-01-26,2026-02-01,2562.38,EUR,Paid
INV00410,V031,Operations,Travel,2026-02-20,2026-02-25,2026-03-01,2026-03-05,99.11,EUR,PAID
INV00411,V037,HR,Software & IT Services,2025-09-26,2025-10-01,2025-10-03,2025-10-08,658.77,EUR,Paid
INV00412,V011,Legal,Professional Services,02/18/2026,2026-02-18,2026-02-20,2026-02-24,2126.41,EUR,Paid
INV00413,V039,Marketing,Travel,2025-10-18,2025-10-22,2025-10-29,2025-10-30,1286.82,EUR,Paid
INV00414,V037,Legal,Software & IT Services,2026-03-16,2026-03-18,2026-03-19,2026-03-21,612.46,EUR,Paid
INV00415,V006,Marketing,Software & IT Services,2026-08-02,2026-08-06,2026-09-15,2026-10-05,474.24,EUR,Paid
INV00416,V038,IT,Professional Services,2026-02-17,2026-02-17,2026-02-18,2026-02-22,561.03,EUR,Paid
INV00417,V031,HR,Travel,2026-08-05,2026-08-06,2026-08-07,2026-08-11,3334.05,EUR,Paid
INV00418,V040,Marketing,Facilities,2026-02-05,2026-02-10,2026-02-14,2026-02-21,55.89,EUR,Paid
INV00419,V032,Legal,Software & IT Services,2026-08-05,2026-08-08,2026-08-19,2026-08-20,535.05,EUR,Paid
INV00420,V017,IT,Consulting,2026-07-01,2026-07-06,2026-07-07,2026-07-13,2149.42,EUR,PAID
INV00421,V029,Finance,Professional Services,2026-02-05,2026-02-09,2026-02-10,2026-02-11,2789.54,EUR,Paid
INV00422,V039,Operations,Travel,2026-07-26,2026-07-28,2026-08-05,2026-08-06,5151.28,EUR,Paid
INV00423,V032,IT,Software & IT Services,2026-08-09,2026-08-14,2026-08-21,2026-08-22,45.96,EUR,Paid
INV00424,V031,Legal,Travel,2026-08-16,2026-08-20,2026-08-22,2026-08-23,7041.77,EUR,Paid
INV00425,V014,Finance,  Consulting  ,2026/07/27,2026-08-01,2026-08-04,2026-08-09,4273.62,EUR,Paid
INV00426,V009,Operations,Professional Services,2026-05-18,2026-05-20,2026-05-23,2026-05-24,717.59,EUR,Paid
INV00427,V023,Finance,Office Supplies,2026-03-04,2026-03-06,2026-03-10,2026-03-11,2160.96,EUR,Paid
INV00428,V036,IT,Consulting,2025-12-18,2025-12-20,2026-01-23,2026-02-04,324.25,EUR,Paid
INV00429,V029,Operations,Professional Services,2025-12-07,2025-12-08,2025-12-15,2025-12-18,916.13,EUR,Paid
INV00430,V031,IT,Travel,2025-11-18,2025-11-18,2025-11-27,2025-11-29,1130.55,EUR,Paid
INV00431,V004,Marketing,Professional Services,2025-10-21,2025-10-25,2025-10-26,2025-10-29,322.35,EUR,Paid
INV00432,V033,HR,Travel,2026-05-27,2026-05-27,2026-06-06,2026-06-08,281.06,EUR,Paid
INV00433,V020,Legal,Software & IT Services,2026-02-19,2026-02-23,2026-02-27,2026-03-03,1836.99,EUR,Paid
INV00434,V007,IT,Software & IT Services,2026-07-02,2026-07-05,2026-07-09,2026-07-13,611.54,EUR,Paid
INV00435,V024,IT,Consulting,2025-11-22,2025-11-23,2025-11-26,2025-12-02,1767.6,EUR,Paid
INV00436,V020,Legal,Software & IT Services,2026-07-16,2026-07-17,2026-07-30,2026-07-31,2166.36,EUR,Paid
INV00437,V009,Legal,Professional Services,2026-04-12,2026-04-12,2026-04-15,2026-04-18,2435.52,EUR,Paid
INV00438,V038,operations,Professional Services,2026-03-05,,2026-03-13,2026-03-14,177.93,EUR,Paid
INV00439,V001,Legal,Professional Services,2025-12-30,2026-01-02,2026-01-10,2026-01-12,51.51,EUR,Paid
INV00440,V014,HR,Consulting,2026-01-23,2026-01-28,2026-01-31,2026-02-02,1058.2,EUR,Paid
INV00441,V034,Operations,Office Supplies,2025-12-28,2026-01-01,2026-01-03,2026-01-10,2587.06,EUR,Paid
INV00442,V011,IT,Professional Services,2026-02-05,2026-02-08,2026-02-09,2026-02-17,2976.76,EUR,PAID
INV00443,V006,it,Software & IT Services,2026-03-07,2026-03-12,2026-03-19,2026-03-20,333.61,EUR,Paid
INV00444,V012,HR,Professional Services,2026-04-13,2026-04-16,2026-04-20,2026-04-21,1142.3,EUR,Paid
INV00445,V010,Marketing,  Consulting  ,2026-03-14,2026-03-18,2026-03-23,2026-04-03,695.11,EUR,Paid
INV00446,V025,HR,Office Supplies,2026-04-02,2026-04-03,2026-04-07,2026-04-11,710.16,EUR,Paid
INV00447,V003,IT,Consulting,2026/07/06,2026-07-07,2026-07-09,2026-07-11,1184.42,EUR,Paid
INV00448,V028,Marketing,Professional Services,09/26/2025,2025-10-01,2025-10-14,2025-10-15,286.62,EUR,Paid
INV00449,V018,Operations,Consulting,2026-03-09,2026-03-13,2026-03-16,2026-03-21,1344.75,EUR,Paid
INV00450,V007,Finance,Software & IT Services,2026-08-30,2026-09-03,2026-09-11,2026-09-14,267.9,EUR,Paid
INV00451,V021,Finance,Software & IT Services,2026-01-23,2026-01-23,2026-01-29,2026-01-30,855.67,EUR,Paid
INV00452,V014,IT,Consulting,2026-01-17,2026-01-20,2026-01-28,2026-01-31,872.84,EUR,Paid
INV00453,V008,HR,Software & IT Services,2025-11-14,2025-11-17,2025-11-18,2025-11-22,1767.96,EUR,  Paid  
INV00454,V006,Finance,Software & IT Services,2025-12-22,2025-12-25,2026-01-01,2026-01-05,5002.91,EUR,Paid
INV00455,V009,Marketing,Professional Services,2025-09-13,2025-09-16,2025-09-20,2025-09-24,372.66,EUR,Paid
INV00456,V017,Finance,Consulting,2026-03-21,2026-03-25,2026-04-02,2026-04-04,1369.64,EUR,Paid
INV00457,V010,Marketing,Consulting,2025-12-29,2026-01-01,2026-01-05,2026-01-13,2128.08,EUR,Paid
INV00458,V024,Finance,Consulting,2026-03-10,2026-03-11,2026-03-17,2026-03-23,820.03,EUR,Paid
INV00459,V039,Finance,Travel,2026-02-10,2026-02-10,2026-02-14,2026-02-18,522.5,EUR,Paid
INV00460,V011,Legal,Professional Services,2026-07-29,2026-07-31,2026-08-05,2026-08-06,4265.85,EUR,Paid
INV00461,V007,IT,Software & IT Services,2025-11-09,2025-11-09,2025-11-10,2025-11-18,165.86,EUR,Paid
INV00462,V037,Marketing,Software & It Services,2026/04/29,2026-05-04,2026-05-13,2026-05-14,739.57,EUR,Paid
INV00463,V007,IT,Software & IT Services,2026-08-27,2026-08-30,2026-09-05,2026-09-12,620.53,EUR,Paid
INV00464,V015,Operations,Office Supplies,2026-07-12,2026-07-12,2026-07-19,2026-07-24,2436.54,EUR,Paid
INV00465,V020,Finance,Software & IT Services,2025-09-09,2025-09-11,2025-09-12,2025-09-18,449.08,EUR,Paid
INV00466,V027,IT,Professional Services,2025-11-15,2025-11-19,2025-11-29,2025-12-01,1492.29,EUR,Paid
INV00467,V031,Legal,Travel,2026-07-08,2026-07-12,2026-07-18,2026-07-19,869.28,EUR,Paid
INV00468,V004,Operations,Professional Services,2025-10-26,2025-10-28,2025-11-02,2025-11-03,119.74,EUR,Paid
INV00469,V030,IT,OFFICE SUPPLIES,02/01/2026,2026-02-01,2026-02-08,2026-02-09,1375.28,EUR,Paid
INV00470,V036,Finance,Consulting,2025-12-31,2026-01-03,2026-01-20,2026-01-21,1693.85,EUR,Paid
INV00471,V014,Legal,Consulting,2026-07-15,2026-07-18,2026-08-02,2026-08-10,306.32,EUR,Paid
INV00472,V038,Finance,Professional Services,2025/10/26,2025-10-29,2025-11-19,2026-01-08,363.72,EUR,Paid
INV00473,V027,HR,professional services,2026-06-01,2026-06-01,2026-06-15,2026-06-19,469.64,EUR,Paid
INV00474,V005,Legal,facilities,05/21/2026,2026-05-25,2026-05-27,2026-05-30,131.96,EUR,PAID
INV00475,V006,IT,Software & IT Services,2025-11-12,2025-11-14,2025-11-19,2025-11-21,1252.89,EUR,Paid
INV00476,V024,Operations,Consulting,2025-08-31,2025-09-04,2025-09-15,2025-09-16,539.04,EUR,Paid
INV00477,V010,Marketing,Consulting,01/01/2026,2026-01-05,2026-01-07,2026-01-09,1565.15,EUR,Paid
INV00478,V037,Operations,Software & IT Services,2025-12-04,2025-12-09,2025-12-12,2025-12-21,2751.34,EUR,Paid
INV00479,V003,Legal,Consulting,2025-10-13,2025-10-17,2025-10-22,2025-10-25,3529.14,EUR,Paid
INV00480,V013,Marketing,Office Supplies,2025-10-04,2025-10-08,2025-10-22,2025-10-25,681.26,EUR,Paid
INV00481,V021,HR,Software & IT Services,2026-05-17,2026-05-21,2026-05-24,2026-05-27,460.99,EUR,Paid
INV00482,V003,HR,Consulting,2025-09-10,2025-09-13,2025-09-15,2025-09-16,3251.59,EUR,Paid
INV00483,V026,Operations,software & it services,2025-09-22,2025-09-27,2025-10-24,2025-11-15,531.01,EUR,Paid
INV00484,V012,Operations,Professional Services,2026-03-10,2026-03-12,2026-03-14,2026-03-16,5020.66,EUR,Paid
INV00485,V019,Legal,Consulting,2025-09-08,2025-09-10,2025-09-17,2025-09-24,2596.09,EUR,Paid
INV00486,V028,Finance,Professional Services,2026-02-23,2026-02-24,2026-02-28,2026-03-03,508.97,EUR,Paid
INV00487,V016,Legal,Travel,2026-08-02,2026-08-07,2026-08-08,2026-08-11,463.0,EUR,paid
INV00488,V001,Finance,Professional Services,2026-06-24,2026-06-29,2026-07-07,2026-07-14,556.2,EUR,Paid
INV00489,V024,Marketing,Consulting,2025/11/07,2025-11-07,2025-11-14,2025-11-18,155.31,EUR,PAID
INV00490,V019,Marketing,Consulting,2026-06-06,2026-06-08,2026-06-10,2026-06-14,4879.52,EUR,Paid
INV00491,V009,Legal,Professional Services,2025-11-28,2025-12-03,2025-12-18,2025-12-21,763.91,EUR,PAID
INV00492,V040,Operations,Facilities,08/22/2026,2026-08-25,2026-08-29,2026-08-31,2774.7,EUR,  Paid  
INV00493,V019,Legal,Consulting,12/02/2025,2025-12-03,2025-12-08,2025-12-11,529.34,EUR,Paid
INV00494,V032,Finance,SOFTWARE & IT SERVICES,2026-04-22,2026-04-22,2026-04-26,2026-04-29,1782.9,EUR,Paid
INV00495,V035,Marketing,Facilities,2025-12-12,,2025-12-16,2025-12-17,56.19,EUR,Paid
INV00496,V018,IT,Consulting,2025-09-21,2025-09-23,2025-09-24,2025-09-25,426.34,EUR,Paid
INV00497,V017,Marketing,Consulting,2026-05-21,2026-05-24,2026-05-29,2026-06-02,1337.32,EUR,Paid
INV00498,V019,HR,Consulting,2026-04-30,2026-05-02,2026-05-07,2026-05-09,385.01,EUR,Paid
INV00499,V039,Finance,Travel,2026-07-28,2026-07-29,2026-08-08,2026-08-10,1022.17,EUR,Paid
INV00500,V001,Marketing,Professional Services,2026-03-01,2026-03-01,2026-03-07,2026-03-13,112.65,EUR,Paid
INV00501,V009,Legal,Professional Services,2026-02-16,2026-02-18,2026-02-20,2026-02-23,850.03,EUR,Paid
INV00502,V026,Finance,SOFTWARE & IT SERVICES,2026-03-07,2026-03-10,2026-03-11,2026-03-17,960.73,EUR,Paid
INV00503,V033,Operations,Travel,2026-04-13,2026-04-16,2026-04-23,2026-04-30,301.89,EUR,Paid
INV00504,V018,marketing,Consulting,2025-12-04,2025-12-07,2025-12-16,2025-12-18,539.79,EUR,Paid
INV00505,V013,Legal,Office Supplies,2026-05-12,2026-05-14,2026-05-20,2026-05-22,1044.54,EUR,Paid
INV00506,V025,Hr,Office Supplies,2026-01-14,2026-01-14,2026-01-15,2026-01-18,1834.15,EUR,Paid
INV00507,V009,Legal,Professional Services,2026-04-05,2026-04-05,2026-04-08,2026-04-10,304.66,EUR,  Paid  
INV00508,V023,Operations,Office Supplies,05-Jul-2026,2026-07-06,2026-07-08,2026-07-09,494.54,EUR,Paid
INV00509,V018,HR,CONSULTING,2026-01-28,2026-01-30,2026-02-06,2026-02-13,137.09,EUR,Paid
INV00510,V018,Finance,Consulting,2025-10-10,2025-10-12,2025-10-16,2025-10-20,1758.76,EUR,Paid
INV00511,V028,Legal,Professional Services,2026-01-29,2026-01-31,2026-02-05,2026-02-12,399.7,EUR,Paid
INV00512,V034,  Operations  ,Office Supplies,2026-07-05,2026-07-10,2026-07-17,2026-07-19,708.26,EUR,Paid
INV00513,V036,Operations,Consulting,2025-11-24,2025-11-29,2025-12-04,2025-12-05,664.27,EUR,Paid
INV00514,V007,Operations,Software & IT Services,2026-02-26,2026-03-01,2026-03-17,2026-03-24,816.58,EUR,Paid
INV00515,V009,Finance,Professional Services,2026-02-27,2026-03-03,2026-03-04,2026-03-08,2269.65,EUR,Paid
INV00516,V012,Operations,Professional Services,2026-01-18,2026-01-23,2026-01-25,2026-01-26,539.17,EUR,Paid
INV00517,V038,Finance,Professional Services,10/08/2025,2025-10-13,2025-10-17,2025-10-21,962.02,EUR,Paid
INV00518,V012,Legal,professional services,2026-03-26,2026-03-28,2026-04-02,2026-04-03,10205.1,EUR,Paid
INV00519,V030,hr,Office Supplies,2026-08-13,2026-08-14,2026-08-18,2026-08-24,980.22,EUR,Paid
INV00520,V039,Finance,Travel,2025-11-12,2025-11-16,2025-11-25,2025-11-26,638.72,EUR,Paid
INV00521,V024,Legal,Consulting,2026/04/12,2026-04-12,2026-04-16,2026-04-19,348.17,EUR,Paid
INV00522,V025,It,Office Supplies,2025-10-04,2025-10-05,2025-10-07,2025-10-08,1014.92,EUR,Paid
INV00523,V033,Legal,Travel,2026-03-06,2026-03-08,2026-03-09,2026-03-13,1432.54,EUR,  Paid  
INV00524,V002,Operations,Consulting,2026-06-17,2026-06-17,2026-06-19,2026-06-21,586.82,EUR,Paid
INV00525,V033,HR,Travel,2025-11-17,2025-11-22,2025-11-27,2025-12-04,749.81,EUR,Paid
INV00526,V030,Operations,Office Supplies,2026-03-08,2026-03-10,2026-03-14,2026-03-15,63.21,EUR,Paid
INV00527,V021,Operations,SOFTWARE & IT SERVICES,2025-10-09,2025-10-13,2025-10-14,2025-10-17,1364.43,EUR,Paid
INV00528,V030,IT,Office Supplies,2026-05-29,2026-05-31,2026-06-05,2026-06-09,388.99,EUR,Paid
INV00529,V036,OPERATIONS,Consulting,2026-02-07,2026-02-12,2026-02-16,2026-02-19,1628.47,EUR,Paid
INV00530,V033,Marketing,Travel,2026-01-05,2026-01-05,2026-01-06,2026-01-12,1705.71,EUR,Paid
INV00531,V012,Finance,Professional Services,2025-12-04,2025-12-07,2026-01-06,2026-03-05,736.53,EUR,Paid
INV00532,V032,HR,Software & IT Services,2026-03-17,2026-03-21,2026-03-25,2026-03-26,188.98,EUR,Paid
INV00533,V007,  Finance  ,Software & IT Services,2026-01-12,2026-01-14,2026-01-22,2026-01-28,223.79,EUR,Paid
INV00534,V011,Legal,Professional Services,16-Apr-2026,2026-04-17,2026-04-18,2026-04-25,852.38,EUR,Paid
INV00535,V024,HR,Consulting,2026-01-24,2026-01-29,2026-01-30,2026-01-31,1953.73,EUR,Paid
INV00536,V032,Operations,Software & IT Services,2025-12-11,2025-12-11,2025-12-17,2025-12-19,142.54,EUR,Paid
INV00537,V001,IT,Professional Services,2025-10-07,2025-10-10,2025-10-16,2025-10-18,823.4,EUR,Paid
INV00538,V020,IT,Software & IT Services,2026-08-31,2026-09-03,2026-09-05,2026-09-08,1307.09,EUR,Paid
INV00539,V009,Finance,Professional Services,2026/08/15,2026-08-17,2026-08-26,2026-08-30,236.52,EUR,Paid
INV00540,V035,Legal,Facilities,2026-02-24,2026-03-01,2026-03-10,2026-03-17,570.73,EUR,Paid
INV00541,V017,Finance,Consulting,08-Jun-2026,2026-06-12,2026-06-15,2026-06-20,1682.71,EUR,PAID
INV00542,V015,Marketing,Office Supplies,2026-01-31,2026-02-01,2026-02-02,2026-02-03,633.61,EUR,Paid
INV00543,V033,Legal,Travel,2026-08-29,2026-09-03,2026-09-04,2026-09-06,1515.32,EUR,Paid
INV00544,V006,Legal,Software & IT Services,2025-11-28,2025-11-30,2025-12-03,2025-12-11,557.73,EUR,Paid
INV00545,V011,HR,Professional Services,2025-12-23,2025-12-23,2026-01-21,2026-03-08,2876.13,EUR,Paid
INV00546,V010,IT,Consulting,2025-11-10,2025-11-11,2025-11-20,2025-11-22,797.99,EUR,PAID
INV00547,V035,Operations,Facilities,2025-09-13,2025-09-15,2025-09-16,2025-09-18,358.52,EUR,Paid
INV00548,V008,  HR  ,Software & IT Services,2026-06-20,2026-06-22,2026-06-28,2026-06-29,781.48,EUR,Paid
INV00549,V014,Operations,Consulting,2026-06-09,2026-06-10,2026-06-17,2026-06-18,332.39,EUR,Paid
INV00550,V001,HR,Professional Services,2025-10-14,2025-10-14,2025-10-18,2025-10-21,2078.47,EUR,Paid
INV00551,V032,Marketing,Software & IT Services,2026-03-22,2026-03-27,2026-04-01,2026-04-06,267.42,EUR,Paid
INV00552,V012,Legal,Professional Services,2026-05-03,2026-05-07,2026-05-08,2026-05-13,280.66,EUR,Paid
INV00553,V017,Operations,Consulting,2026-03-28,2026-04-01,2026-04-06,2026-04-12,3077.6,EUR,Paid
INV00554,V003,Finance,Consulting,2025-11-03,2025-11-05,2025-12-08,2026-01-07,98.33,EUR,Paid
INV00555,V035,Legal,Facilities,2025-10-07,2025-10-10,2025-10-12,2025-10-25,1813.7,EUR,Paid
INV00556,V039,Operations,Travel,2026-08-14,2026-08-18,2026-08-25,2026-08-26,1472.5,EUR,Paid
INV00557,V006,Marketing,Software & IT Services,2025-11-04,2025-11-08,2025-11-11,2025-11-14,4847.64,EUR,Paid
INV00558,V010,Legal,Consulting,2026-06-27,2026-06-28,2026-06-29,2026-07-01,4406.52,EUR,Paid
INV00559,V025,it,Office Supplies,2026-04-09,2026-04-13,2026-04-17,2026-04-22,145.7,EUR,Paid
INV00560,V011,Finance,Professional Services,2025-11-02,2025-11-06,2025-11-18,2025-11-23,382.32,EUR,Paid
INV00561,V025,IT,Office Supplies,2026-02-02,2026-02-03,2026-02-11,2026-02-16,1169.76,EUR,Paid
INV00562,V016,IT,Travel,2026-02-12,2026-02-17,2026-02-21,2026-02-23,459.34,EUR,Paid
INV00563,V033,IT,Travel,2026-02-24,2026-02-28,2026-03-01,2026-03-05,337.63,EUR,  Paid  
INV00564,V012,Marketing,Professional Services,2025-10-10,2025-10-12,2025-10-14,2025-10-18,1489.06,EUR,Paid
INV00565,V031,IT,Travel,2026-07-22,2026-07-26,2026-07-28,2026-07-29,116.56,EUR,Paid
INV00566,V021,Marketing,Software & IT Services,2025-11-03,2025-11-08,2025-11-13,2025-11-22,5423.02,EUR,Paid
INV00567,V038,Marketing,Professional Services,2026-07-11,2026-07-15,2026-07-16,2026-07-25,1927.71,EUR,Paid
INV00568,V021,Finance,Software & IT Services,2026-05-15,2026-05-20,2026-05-29,2026-05-31,529.36,EUR,Paid
INV00569,V018,IT,Consulting,2026-06-30,2026-07-04,2026-07-05,2026-07-10,1043.75,EUR,Paid
INV00570,V012,IT,Professional Services,2025-11-26,2025-12-01,2025-12-10,2025-12-16,2568.53,EUR,Paid
INV00571,V010,  HR  ,Consulting,2026-07-06,2026-07-08,2026-07-15,2026-07-17,3149.39,EUR,Paid
INV00572,V022,Hr,Office Supplies,2025-09-21,2025-09-21,2025-09-24,2025-09-28,1160.99,EUR,Paid
INV00573,V009,Finance,PROFESSIONAL SERVICES,2025-09-23,2025-09-28,2025-10-10,2025-10-11,531.17,EUR,Paid
INV00574,V029,HR,Professional Services,2026-01-13,2026-01-18,2026-01-19,2026-01-20,669.17,EUR,Paid
INV00575,V037,IT,Software & IT Services,2026-06-19,2026-06-22,2026-06-29,2026-07-04,586.37,EUR,Paid
INV00576,V040,HR,  Facilities  ,2026/07/24,2026-07-24,2026-07-27,2026-07-29,1044.77,EUR,Paid
INV00577,V004,operations,Professional Services,2026-07-18,2026-07-22,2026-07-27,2026-08-05,1005.09,EUR,Paid
INV00578,V012,Marketing,  Professional Services  ,2026-07-25,2026-07-27,2026-07-29,2026-08-06,3539.84,EUR,Paid
INV00579,V008,Operations,Software & IT Services,2026-01-03,2026-01-08,2026-01-13,2026-01-20,1333.14,EUR,Paid
INV00580,V010,Operations,Consulting,2026-01-30,2026-02-02,2026-02-03,2026-02-04,13630.84,EUR,Paid
INV00581,V017,FINANCE,  Consulting  ,2026-08-18,2026-08-18,2026-08-20,2026-08-22,228.89,EUR,Paid
INV00582,V039,IT,Travel,2026-04-13,2026-04-16,2026-04-18,2026-04-23,131.66,EUR,Paid
INV00583,V006,Operations,Software & IT Services,2026-04-25,2026-04-26,2026-04-29,2026-05-02,587.0,EUR,Paid
INV00584,V019,Marketing,Consulting,07-Jul-2026,2026-07-08,2026-07-10,2026-07-13,9394.54,EUR,Paid
INV00585,V014,Marketing,Consulting,2026-02-10,2026-02-15,2026-02-20,2026-02-22,273.44,EUR,Paid
INV00586,V040,Marketing,Facilities,2026-03-23,2026-03-24,2026-03-28,2026-03-31,121.96,EUR,Paid
INV00587,V018,Marketing,Consulting,2026-05-21,2026-05-25,2026-05-30,2026-05-31,786.0,EUR,Paid
INV00588,V014,Finance,Consulting,2026-02-10,2026-02-11,2026-02-17,2026-02-18,195.4,EUR,Paid
INV00589,V036,Operations,Consulting,2025-11-01,2025-11-03,2025-11-10,2025-11-13,966.28,EUR,Paid
INV00590,V035,Operations,Facilities,2026-01-04,2026-01-05,2026-01-06,2026-01-07,224.93,EUR,Paid
INV00591,V035,Finance,Facilities,2025-09-25,2025-09-27,2025-10-03,2025-10-04,599.68,EUR,Paid
INV00592,V011,Operations,Professional Services,2026-07-12,2026-07-15,2026-07-18,2026-07-22,2142.82,EUR,Paid
INV00593,V037,It,Software & IT Services,2025-11-20,2025-11-22,2025-12-05,2025-12-09,110.43,EUR,Paid
INV00594,V006,HR,Software & IT Services,2026-02-07,2026-02-08,2026-02-09,2026-02-10,532.42,EUR,Paid
INV00595,V012,IT,Professional Services,2026-05-13,2026-05-17,2026-05-22,2026-05-24,648.53,EUR,paid
INV00596,V014,Operations,Consulting,2026-05-13,2026-05-15,2026-05-17,2026-05-19,1449.08,EUR,Paid
INV00597,V010,Operations,Consulting,2025-09-11,2025-09-11,2025-10-13,2025-11-06,1422.46,EUR,Paid
INV00598,V031,Operations,TRAVEL,2026/05/16,2026-05-19,2026-05-27,2026-05-30,228.13,EUR,Paid
INV00599,V033,IT,Travel,2025-12-19,2025-12-23,2025-12-30,2026-01-02,1541.02,EUR,Paid
INV00600,V026,Marketing,Software & IT Services,2025-09-24,2025-09-24,2025-09-26,2025-10-01,888.62,EUR,Paid
INV00601,V023,Marketing,Office Supplies,2026-05-11,2026-05-15,2026-05-19,2026-05-23,1323.66,EUR,Paid
INV00602,V020,Legal,  Software & IT Services  ,2026-08-10,2026-08-13,2026-08-18,2026-08-21,5413.93,EUR,paid
INV00603,V006,Marketing,Software & IT Services,2026-06-01,2026-06-01,2026-06-07,2026-06-08,2350.25,EUR,Paid
INV00604,V024,Finance,Consulting,2026-04-08,2026-04-09,2026-04-10,2026-04-20,151.55,EUR,Paid
INV00605,V033,Marketing,Travel,2026-03-06,2026-03-09,2026-04-03,2026-05-19,1055.85,EUR,Paid
INV00606,V027,Marketing,Professional Services,2025-09-23,2025-09-26,2025-10-03,2025-10-04,78.99,EUR,Paid
INV00607,V006,Finance,Software & IT Services,2026-06-18,2026-06-22,2026-06-30,2026-07-06,511.38,EUR,Paid
INV00608,V009,IT,Professional Services,2026-03-04,2026-03-08,2026-03-10,2026-03-14,797.84,EUR,Paid
INV00609,V029,Marketing,Professional Services,2025-10-07,2025-10-10,2025-10-14,2025-10-20,900.77,EUR,Paid
INV00610,V035,HR,Facilities,2026-04-18,2026-04-22,2026-05-01,2026-05-04,1762.71,EUR,Paid
INV00611,V002,Marketing,Consulting,2026-07-16,2026-07-21,2026-07-22,2026-07-23,2334.79,EUR,Paid
INV00612,V016,HR,Travel,2025-10-30,2025-10-31,2025-11-01,2025-11-02,579.31,EUR,Paid
INV00613,V013,Finance,Office Supplies,2026-03-20,2026-03-22,2026-03-26,2026-03-28,252.84,EUR,Paid
INV00614,V001,Marketing,Professional Services,2026-06-12,2026-06-14,2026-06-27,2026-06-28,179.18,EUR,Paid
INV00615,V013,IT,Office Supplies,2025-12-10,2025-12-14,2025-12-23,2025-12-25,105.16,EUR,Paid
INV00616,V009,HR,Professional Services,2026-03-24,2026-03-28,2026-03-31,2026-04-03,412.12,EUR,Paid
INV00617,V027,Finance,Professional Services,2025-09-23,2025-09-23,2025-09-24,2025-10-04,283.84,EUR,Paid
INV00618,V021,IT,SOFTWARE & IT SERVICES,2026-08-31,2026-09-02,2026-09-11,2026-09-22,162.57,EUR,Paid
INV00619,V008,Operations,Software & IT Services,2026-05-23,2026-05-26,2026-05-27,2026-05-29,1559.34,EUR,PAID
INV00620,V038,IT,Professional Services,2026-07-07,2026-07-11,2026-07-16,2026-07-19,506.93,EUR,Paid
INV00621,V036,IT,Consulting,2026-02-14,2026-02-18,2026-02-20,2026-02-21,2845.9,EUR,Paid
INV00622,V040,Marketing,Facilities,2025-11-22,2025-11-25,2025-12-22,2026-02-02,1613.28,EUR,Paid
INV00623,V039,HR,Travel,2026-01-31,2026-02-04,2026-02-09,2026-02-12,2336.69,EUR,Paid
INV00624,V040,Marketing,Facilities,2026-05-17,2026-05-21,2026-05-23,2026-05-25,187.29,EUR,Paid
INV00625,V038,  HR  ,Professional Services,2026-05-08,2026-05-13,2026-05-15,2026-05-21,1353.94,EUR,Paid
INV00626,V007,HR,Software & IT Services,2026-01-31,2026-02-03,2026-02-20,2026-02-23,7059.13,EUR,Paid
INV00627,V031,Finance,Travel,2026-03-07,2026-03-09,2026-03-10,2026-03-12,1151.73,EUR,Paid
INV00628,V025,Legal,Office Supplies,2025-10-26,2025-10-29,2025-11-01,2025-11-07,295.96,EUR,Paid
INV00629,V017,HR,Consulting,2026-02-04,2026-02-09,2026-02-11,2026-02-12,547.29,EUR,Paid
INV00630,V028,Legal,Professional Services,2026-07-19,2026-07-19,2026-07-24,2026-07-27,797.5,EUR,Paid
INV00631,V038,HR,Professional Services,2026-04-30,2026-05-02,2026-05-03,2026-05-10,270.84,EUR,Paid
INV00632,V003,Legal,Consulting,2026-06-23,2026-06-27,2026-07-07,2026-07-13,2378.11,EUR,Paid
INV00633,V013,IT,Office Supplies,2025-09-26,2025-09-30,2025-10-01,2025-10-02,812.48,EUR,Paid
INV00634,V040,Operations,  Facilities  ,11/26/2025,2025-11-30,2025-12-05,2025-12-07,5095.14,EUR,Paid
INV00635,V032,Legal,Software & IT Services,2026-07-14,2026-07-17,2026-07-19,2026-07-20,3915.6,EUR,Paid
INV00636,V039,IT,Travel,2026-08-14,2026-08-15,2026-08-27,2026-08-29,2075.72,EUR,Paid
INV00637,V013,Finance,Office Supplies,2026-06-20,2026-06-25,2026-06-26,2026-07-02,674.54,EUR,Paid
INV00638,V028,Finance,Professional Services,2025-12-06,2025-12-06,2025-12-09,2025-12-11,704.0,EUR,Paid
INV00639,V001,operations,Professional Services,2026-02-07,2026-02-10,2026-02-11,2026-02-18,2315.27,EUR,Paid
INV00640,V026,IT,Software & IT Services,2026-03-30,2026-04-04,2026-04-08,2026-04-12,2187.97,EUR,PAID
INV00641,V004,IT,Professional Services,03/29/2026,2026-04-02,2026-04-14,2026-04-18,386.88,EUR,Paid
INV00642,V012,HR,Professional Services,2026/04/29,2026-05-04,2026-05-05,2026-05-08,1288.26,EUR,Paid
INV00643,V025,Legal,Office Supplies,2025-10-01,2025-10-06,2025-10-08,2025-10-10,342.46,EUR,Paid
INV00644,V029,IT,Professional Services,2026-05-23,2026-05-24,2026-05-29,2026-06-08,105.42,EUR,Paid
INV00645,V027,  HR  ,Professional Services,2026-02-13,2026-02-18,2026-02-23,2026-02-24,636.8,EUR,Paid
INV00646,V033,Operations,  Travel  ,2026-05-27,2026-05-30,2026-06-01,2026-06-05,961.57,EUR,Paid
INV00647,V036,Marketing,Consulting,2025-11-27,2025-11-30,2025-12-04,2025-12-05,449.81,EUR,Paid
INV00648,V037,HR,Software & IT Services,22-Feb-2026,2026-02-26,2026-03-02,2026-03-09,1186.93,EUR,Paid
INV00649,V019,Marketing,Consulting,2026-08-12,2026-08-17,2026-08-24,2026-08-25,234.89,EUR,Paid
INV00650,V010,Legal,Consulting,2026-07-26,2026-07-31,2026-08-01,2026-08-08,243.2,EUR,Paid
INV00651,V034,Marketing,Office Supplies,2026-07-09,2026-07-12,2026-07-22,2026-07-29,1076.14,EUR,PAID
INV00652,V016,IT,Travel,2026-01-04,2026-01-06,2026-01-08,2026-01-12,631.07,EUR,Paid
INV00653,V016,Hr,Travel,2026-01-30,2026-01-31,2026-02-06,2026-02-08,2510.31,EUR,Paid
INV00654,V031,Marketing,Travel,2026-01-25,2026-01-30,2026-02-01,2026-02-04,1501.95,EUR,Paid
INV00655,V018,IT,Consulting,2026-08-19,2026-08-24,2026-09-11,2026-09-16,2321.91,EUR,Paid
INV00656,V007,OPERATIONS,Software & It Services,2026-02-09,2026-02-12,2026-02-13,2026-02-17,1274.02,EUR,Paid
INV00657,V032,Marketing,Software & IT Services,2026-06-13,2026-06-18,2026-06-19,2026-06-20,157.21,EUR,Paid
INV00658,V010,  Marketing  ,CONSULTING,2026-01-25,2026-01-25,2026-01-30,2026-01-31,618.96,EUR,Paid
INV00659,V024,HR,Consulting,2026-08-12,2026-08-16,2026-08-17,2026-08-27,400.27,EUR,Paid
INV00660,V029,Operations,Professional Services,2026-03-21,2026-03-23,2026-03-31,2026-04-05,822.74,EUR,Paid
INV00661,V011,IT,Professional Services,2026-01-26,2026-01-26,2026-01-29,2026-01-30,949.02,EUR,Paid
INV00662,V035,Marketing,  Facilities  ,2026-08-31,2026-08-31,2026-09-04,2026-09-05,695.2,EUR,Paid
INV00663,V040,Marketing,FACILITIES,2026-04-14,2026-04-19,2026-04-29,2026-05-05,550.8,EUR,Paid
INV00664,V009,Marketing,Professional Services,2026-05-03,2026-05-04,2026-05-07,2026-05-08,115.79,EUR,Paid
INV00665,V037,IT,Software & IT Services,2026-06-02,2026-06-04,2026-06-08,2026-06-22,1512.34,EUR,Paid
INV00666,V018,hr,consulting,2026-08-22,2026-08-24,2026-08-27,2026-08-29,830.62,EUR,Paid
INV00667,V016,IT,Travel,2025-10-25,2025-10-29,2025-10-30,2025-11-02,871.86,EUR,Paid
INV00668,V007,Legal,Software & IT Services,2026-06-27,2026-06-28,2026-07-02,2026-07-03,8869.51,EUR,Paid
INV00669,V035,IT,Facilities,2025-09-25,2025-09-30,2025-10-11,2025-10-14,858.2,EUR,Paid
INV00670,V030,Hr,Office Supplies,2025-12-24,2025-12-29,2026-01-03,2026-01-10,379.51,EUR,Paid
INV00671,V034,IT,Office Supplies,26-Sep-2025,2025-09-26,2025-09-27,2025-09-28,694.81,EUR,Paid
INV00672,V015,Operations,Office Supplies,2026-02-16,2026-02-21,2026-02-25,2026-02-26,632.29,EUR,Paid
INV00673,V004,Operations,Professional Services,2025-10-21,2025-10-26,2025-10-29,2025-11-02,456.43,EUR,Paid
INV00674,V009,IT,Professional Services,2025-09-02,2025-09-06,2025-09-07,2025-09-08,517.04,EUR,Paid
INV00675,V039,IT,Travel,2026-03-27,,2026-04-13,2026-04-18,533.83,EUR,Paid
INV00676,V030,Operations,Office Supplies,2026-05-02,2026-05-07,2026-05-11,2026-05-14,2200.24,EUR,Paid
INV00677,V013,IT,Office Supplies,2026-01-25,2026-01-27,2026-02-05,2026-02-06,376.6,EUR,  Paid  
INV00678,V037,MARKETING,Software & IT Services,07/27/2026,2026-07-27,2026-07-28,2026-07-30,6357.36,EUR,Paid
INV00679,V030,Finance,Office Supplies,07/30/2026,2026-08-03,2026-08-17,2026-08-21,2328.7,EUR,Paid
INV00680,V028,IT,Professional Services,2026-05-31,2026-06-05,2026-06-06,2026-06-16,687.06,EUR,Paid
INV00681,V009,Legal,  Professional Services  ,2025-09-19,2025-09-20,2025-09-24,2025-09-25,1359.6,EUR,Paid
INV00682,V018,Operations,Consulting,2025-11-29,2025-11-29,2025-12-10,2025-12-16,202.68,EUR,Paid
INV00683,V018,Operations,Consulting,2026-05-11,2026-05-12,2026-05-14,2026-05-17,424.21,EUR,Paid
INV00684,V009,Legal,Professional Services,2026-01-26,2026-01-26,2026-01-28,2026-02-03,1521.52,EUR,Paid
INV00685,V003,Finance,Consulting,2026-01-30,2026-02-03,2026-02-09,2026-02-15,527.75,EUR,Paid
INV00686,V036,HR,Consulting,2025-10-24,2025-10-26,2025-10-30,2025-11-02,1178.82,EUR,Paid
INV00687,V020,  Marketing  ,Software & IT Services,2026-04-20,2026-04-25,2026-05-02,2026-05-03,196.83,EUR,Paid
INV00688,V019,hr,Consulting,2026-05-26,2026-05-29,2026-06-04,2026-06-08,2494.87,EUR,Paid
INV00689,V003,  IT  ,Consulting,2026-05-16,2026-05-19,2026-05-25,2026-05-26,271.44,EUR,Paid
INV00690,V019,Marketing,Consulting,2025-12-07,2025-12-07,2025-12-09,2025-12-15,429.2,EUR,Paid
INV00691,V026,Marketing,Software & IT Services,2025-11-22,2025-11-27,2025-12-01,2025-12-03,7156.65,EUR,Paid
INV00692,V039,Operations,Travel,2026-07-28,2026-07-30,2026-08-02,2026-08-03,490.59,EUR,Paid
INV00693,V040,Legal,Facilities,2025-12-04,2025-12-04,2025-12-28,2026-02-08,296.84,EUR,PAID
INV00694,V002,Legal,consulting,2026-02-19,2026-02-21,2026-02-26,2026-03-05,101.06,EUR,Paid
INV00695,V034,HR,Office Supplies,2026-08-11,2026-08-12,2026-08-13,2026-08-17,465.49,EUR,Paid
INV00696,V003,IT,Consulting,2026-07-09,2026-07-14,2026-07-15,2026-07-18,5465.58,EUR,Paid
INV00697,V014,Operations,Consulting,2026-04-06,2026-04-10,2026-04-14,2026-04-17,792.84,EUR,Paid
INV00698,V022,Marketing,Office Supplies,2025-10-14,2025-10-17,2025-10-18,2025-10-21,311.52,EUR,Paid
INV00699,V035,Legal,Facilities,2025-10-18,2025-10-19,2025-10-22,2025-10-23,9062.69,EUR,Paid
INV00700,V033,IT,Travel,2026-05-02,2026-05-04,2026-05-07,2026-05-20,529.76,EUR,Paid
INV00701,V023,It,Office Supplies,2025-09-03,2025-09-05,2025-09-06,2025-09-09,2541.19,EUR,Paid
INV00702,V014,Operations,Consulting,2025-12-29,2026-01-01,2026-01-06,2026-01-10,2503.05,EUR,Paid
INV00703,V028,MARKETING,Professional Services,2026-02-15,2026-02-17,2026-02-21,2026-02-22,31.94,EUR,Paid
INV00704,V029,HR,Professional Services,06/20/2026,2026-06-20,2026-06-21,2026-06-24,1708.75,EUR,Paid
INV00705,V014,Marketing,Consulting,2026-07-31,2026-08-02,2026-08-06,2026-08-07,353.69,EUR,Paid
INV00706,V030,Legal,Office Supplies,2025-12-29,2025-12-29,2026-01-01,2026-01-02,7227.47,EUR,Paid
INV00707,V020,Legal,Software & IT Services,2025-10-30,2025-11-02,2025-11-06,2025-11-09,973.86,EUR,Paid
INV00708,V013,Marketing,Office Supplies,2025-11-20,2025-11-23,2025-11-30,2025-12-06,5877.32,EUR,Paid
INV00709,V010,Legal,  Consulting  ,15-May-2026,2026-05-20,2026-05-23,2026-06-01,366.96,EUR,Paid
INV00710,V004,Marketing,Professional Services,2026-08-19,2026-08-19,2026-08-21,2026-08-23,488.3,EUR,Paid
INV00711,V020,Legal,Software & IT Services,2026-01-29,2026-01-31,2026-02-01,2026-02-05,455.53,EUR,Paid
INV00712,V014,Hr,consulting,2025-12-22,2025-12-23,2025-12-31,2026-01-04,785.93,EUR,  Paid  
INV00713,V008,IT,Software & IT Services,2026-05-02,2026-05-03,2026-05-05,2026-05-12,1162.14,EUR,Paid
INV00714,V029,Operations,Professional Services,2026-07-07,2026-07-09,2026-08-06,2026-09-21,1181.84,EUR,Paid
INV00715,V038,Operations,Professional Services,2026-08-25,2026-08-29,2026-08-31,2026-09-02,285.41,EUR,Paid
INV00716,V036,Operations,Consulting,2026-06-02,2026-06-07,2026-06-27,2026-07-27,1717.98,EUR,Paid
INV00717,V039,IT,Travel,2026-01-04,2026-01-09,2026-01-21,2026-01-23,4651.56,EUR,Paid
INV00718,V026,HR,Software & IT Services,2025-10-11,2025-10-15,2025-10-24,2025-10-27,182.29,EUR,Paid
INV00719,V019,Operations,Consulting,2026-05-28,2026-06-02,2026-06-07,2026-06-16,585.93,EUR,Paid
INV00720,V027,Marketing,  Professional Services  ,2025-10-09,2025-10-13,2025-10-23,2025-10-24,598.78,EUR,Paid
INV00721,V016,Finance,Travel,2025-10-01,2025-10-05,2025-10-15,2025-10-17,505.31,EUR,Paid
INV00722,V007,HR,Software & IT Services,2025-12-12,2025-12-16,2025-12-21,2025-12-25,386.77,EUR,Paid
INV00723,V018,HR,CONSULTING,2025-11-15,2025-11-16,2025-11-24,2025-12-04,970.41,EUR,Paid
INV00724,V026,Marketing,Software & IT Services,24-May-2026,2026-05-27,2026-05-28,2026-06-02,1221.07,EUR,Paid
INV00725,V012,FINANCE,Professional Services,2026-08-14,2026-08-15,2026-08-22,2026-08-28,2149.02,EUR,Paid
INV00726,V020,Legal,Software & IT Services,06/25/2026,2026-06-28,2026-07-01,2026-07-08,537.76,EUR,Paid
INV00727,V018,Finance,Consulting,2026-05-19,2026-05-22,2026-05-25,2026-06-03,309.36,EUR,Paid
INV00728,V007,finance,Software & IT Services,2026-04-20,2026-04-21,2026-04-25,2026-05-05,790.43,EUR,Paid
INV00729,V009,HR,Professional Services,2026-03-31,2026-04-03,2026-04-04,2026-04-07,193.01,EUR,Paid
INV00730,V011,HR,Professional Services,2025-09-29,2025-10-03,2025-10-06,2025-10-13,133.81,EUR,Paid
INV00731,V025,Operations,Office Supplies,2026-08-10,2026-08-12,2026-08-18,2026-08-23,151.95,EUR,Paid
INV00732,V022,Legal,Office Supplies,2025-09-11,2025-09-14,2025-09-16,2025-09-18,263.79,EUR,Paid
INV00733,V004,Marketing,Professional Services,2025-09-01,2025-09-06,2025-09-13,2025-09-14,709.17,EUR,Paid
INV00734,V020,IT,Software & IT Services,2026-06-23,2026-06-23,2026-06-24,2026-06-30,349.63,EUR,Paid
INV00735,V013,Finance,Office Supplies,2026-04-04,2026-04-06,2026-04-08,2026-04-09,442.92,EUR,Paid
INV00736,V005,Legal,Facilities,2025-10-02,2025-10-06,2025-10-12,2025-10-19,1513.81,EUR,Paid
INV00737,V034,Finance,Office Supplies,10/05/2025,2025-10-08,2025-10-13,2025-10-16,215.23,EUR,Paid
INV00738,V007,Finance,Software & IT Services,2026-01-24,2026-01-27,2026-02-03,2026-02-05,359.95,EUR,Paid
INV00739,V004,IT,Professional Services,2025-11-08,2025-11-13,2025-11-29,2025-12-03,289.96,EUR,Paid
INV00740,V021,Legal,Software & IT Services,2026-07-27,2026-07-30,2026-07-31,2026-08-01,878.97,EUR,Paid
INV00741,V030,Marketing,Office Supplies,2026-03-14,2026-03-17,2026-03-31,2026-04-02,418.71,EUR,Paid
INV00742,V036,Operations,Consulting,2026-03-11,2026-03-11,2026-03-17,2026-03-18,578.84,EUR,Paid
INV00743,V035,legal,Facilities,2026-08-04,2026-08-08,2026-08-13,2026-08-16,397.68,EUR,Paid
INV00744,V022,It,Office Supplies,2026-07-31,2026-08-02,2026-08-05,2026-08-10,2023.13,EUR,Paid
INV00745,V008,Finance,Software & IT Services,2025-11-30,2025-12-04,2025-12-14,2025-12-15,508.97,EUR,paid
INV00746,V020,Operations,Software & IT Services,2026-05-28,2026-05-29,2026-05-30,2026-05-31,684.41,EUR,Paid
INV00747,V001,Legal,Professional Services,2025-12-23,2025-12-23,2025-12-28,2026-01-02,748.2,EUR,Paid
INV00748,V014,Finance,consulting,2026-01-30,2026-02-02,2026-02-03,2026-02-13,766.64,EUR,paid
INV00749,V011,Legal,Professional Services,2026-06-05,2026-06-08,2026-07-13,2026-07-25,1073.09,EUR,Paid
INV00750,V025,HR,Office Supplies,13-Mar-2026,2026-03-14,2026-03-18,2026-03-20,474.25,EUR,Paid
INV00751,V040,IT,Facilities,2026-04-23,2026-04-25,2026-04-26,2026-05-05,531.03,EUR,Paid
INV00752,V009,IT,Professional Services,2026-01-19,2026-01-20,2026-01-22,2026-01-23,1559.22,EUR,Paid
INV00753,V038,Legal,Professional Services,2025-10-27,2025-10-27,2025-11-01,2025-11-10,18096.29,EUR,Paid
INV00754,V004,legal,Professional Services,2026-04-02,2026-04-06,2026-04-09,2026-04-11,229.55,EUR,Paid
INV00755,V013,Finance,Office Supplies,01-Jan-2026,2026-01-02,2026-01-11,2026-01-14,780.42,EUR,  Paid  
INV00756,V020,Finance,Software & IT Services,2025-10-21,2025-10-25,2025-10-30,2025-11-02,808.28,EUR,Paid
INV00757,V020,Finance,Software & IT Services,2026-04-16,2026-04-20,2026-04-29,2026-05-04,1726.06,EUR,PAID
INV00758,V027,Legal,Professional Services,2026-08-26,2026-08-26,2026-08-28,2026-09-02,329.92,EUR,Paid
INV00759,V021,IT,Software & IT Services,2025-09-22,2025-09-25,2025-09-26,2025-09-28,6466.68,EUR,Paid
INV00760,V036,Operations,Consulting,28-Dec-2025,2026-01-01,2026-01-08,2026-01-16,309.16,EUR,Paid
INV00761,V034,IT,Office Supplies,2025-09-28,2025-09-29,2025-10-05,2025-10-09,313.21,EUR,Paid
INV00762,V036,HR,Consulting,2026-01-26,2026-01-27,2026-01-31,2026-02-06,238.0,EUR,Paid
INV00763,V021,Legal,Software & IT Services,2026-06-21,2026-06-23,2026-06-24,2026-06-30,3119.16,EUR,PAID
INV00764,V039,HR,Travel,2026-07-03,2026-07-08,2026-07-15,2026-07-16,953.94,EUR,Paid
INV00765,V006,Marketing,Software & IT Services,2025-12-30,2026-01-01,2026-01-10,2026-01-11,579.93,EUR,Paid
INV00766,V021,IT,Software & IT Services,2026-08-04,2026-08-08,2026-08-10,2026-08-11,2120.83,EUR,Paid
INV00767,V026,IT,Software & IT Services,2026/03/30,2026-04-01,2026-04-10,2026-04-11,734.73,EUR,Paid
INV00768,V010,Marketing,Consulting,2025-10-01,2025-10-05,2025-10-10,2025-10-13,148.44,EUR,Paid
INV00769,V036,HR,Consulting,2025-11-28,2025-12-03,2025-12-08,2025-12-18,505.71,EUR,Paid
INV00770,V015,LEGAL,Office Supplies,2026-04-06,2026-04-10,2026-04-24,2026-04-25,14984.16,EUR,Paid
INV00771,V017,Operations,Consulting,2025-09-24,2025-09-26,2025-10-02,2025-10-05,986.37,EUR,Paid
INV00772,V004,  Legal  ,Professional Services,2026-08-09,2026-08-12,2026-08-18,2026-08-23,722.19,EUR,Paid
INV00773,V016,HR,TRAVEL,2026-02-10,2026-02-15,2026-02-16,2026-02-17,2877.31,EUR,paid
INV00774,V040,Operations,Facilities,2026-03-28,2026-03-29,2026-04-04,2026-04-07,442.47,EUR,Paid
INV00775,V038,Marketing,Professional Services,2026-03-11,2026-03-12,2026-03-19,2026-03-25,310.85,EUR,Paid
INV00776,V003,HR,Consulting,2026-04-30,2026-05-01,2026-05-05,2026-05-06,842.7,EUR,Paid
INV00777,V007,IT,Software & It Services,2026-01-31,2026-02-05,2026-02-11,2026-02-13,2417.05,EUR,Paid
INV00778,V009,IT,Professional Services,2026-04-25,2026-04-25,2026-04-29,2026-04-30,610.56,EUR,Paid
INV00779,V008,HR,Software & IT Services,2026-03-30,2026-04-02,2026-04-06,2026-04-08,740.12,EUR,Paid
INV00780,V025,HR,Office Supplies,05/29/2026,2026-05-30,2026-06-04,2026-06-06,11552.8,EUR,Paid
INV00781,V009,Operations,Professional Services,2026-01-02,2026-01-04,2026-01-05,2026-01-09,1595.78,EUR,Paid
INV00782,V040,IT,Facilities,2026-02-16,2026-02-21,2026-02-25,2026-02-28,705.78,EUR,Paid
INV00783,V010,Finance,Consulting,2026-04-18,2026-04-20,2026-05-13,2026-06-12,1215.41,EUR,Paid
INV00784,V002,Finance,  Consulting  ,2026-06-01,2026-06-06,2026-06-12,2026-06-20,565.6,EUR,Paid
INV00785,V032,IT,Software & IT Services,2025-09-26,2025-09-28,2025-09-30,2025-10-03,5244.37,EUR,paid
INV00786,V006,Operations,Software & IT Services,2026-08-10,2026-08-14,2026-08-19,2026-08-24,326.16,EUR,Paid
INV00787,V004,HR,Professional Services,2025-09-20,2025-09-20,2025-09-25,2025-09-27,847.42,EUR,Paid
INV00788,V006,IT,Software & IT Services,06/27/2026,2026-07-02,2026-07-11,2026-07-12,891.83,EUR,Paid
INV00789,V037,Legal,Software & IT Services,2026-06-13,2026-06-14,2026-06-15,2026-06-16,393.31,EUR,Paid
INV00790,V008,Operations,Software & IT Services,2025-12-15,2025-12-17,2025-12-20,2025-12-21,128.34,EUR,Paid
INV00791,V022,  Marketing  ,Office Supplies,2025-09-07,2025-09-08,2025-09-16,2025-09-18,7162.17,EUR,Paid
INV00792,V008,IT,software & it services,2025-10-30,2025-11-04,2025-11-06,2025-11-09,34.91,EUR,Paid
INV00793,V025,Operations,Office Supplies,2026-01-02,2026-01-07,2026-01-08,2026-01-13,813.01,EUR,Paid
INV00794,V012,HR,Professional Services,2026-08-26,2026-08-27,2026-09-02,2026-09-06,1627.27,EUR,Paid
INV00795,V007,Operations,Software & IT Services,2025-12-31,2026-01-04,2026-01-06,2026-01-15,707.41,EUR,Paid
INV00796,V040,Marketing,Facilities,2026-01-22,2026-01-25,2026-01-26,2026-01-31,668.38,EUR,Paid
INV00797,V040,Operations,Facilities,2026-05-31,2026-06-05,2026-06-07,2026-06-08,475.91,EUR,Paid
INV00798,V011,Marketing,Professional Services,2026-02-04,2026-02-06,2026-02-13,2026-02-16,144.8,EUR,Paid
INV00799,V013,marketing,Office Supplies,2026-05-20,2026-05-23,2026-05-24,2026-05-26,313.18,EUR,Paid
INV00800,V005,Operations,Facilities,2025-10-20,2025-10-25,2025-10-27,2025-10-31,222.2,EUR,Paid
INV00801,V027,Operations,Professional Services,10-Feb-2026,2026-02-11,2026-02-21,2026-02-23,3004.01,EUR,Paid
INV00802,V032,Marketing,SOFTWARE & IT SERVICES,07-Feb-2026,2026-02-10,2026-02-12,2026-02-16,366.42,EUR,Paid
INV00803,V011,Finance,Professional Services,2026-06-15,2026-06-16,2026-06-18,2026-06-20,1977.94,EUR,Paid
INV00804,V018,Legal,CONSULTING,2025-11-13,2025-11-13,2025-11-20,2025-11-21,600.62,EUR,Paid
INV00805,V013,Marketing,Office Supplies,2026-06-10,2026-06-14,2026-06-23,2026-06-28,2923.01,EUR,Paid
INV00806,V024,HR,Consulting,2026-04-01,2026-04-03,2026-04-06,2026-04-13,1540.55,EUR,Paid
INV00807,V011,IT,Professional Services,2025/12/09,2025-12-11,2025-12-20,2025-12-27,1129.68,EUR,Paid
INV00808,V006,IT,Software & IT Services,2026-03-13,2026-03-17,2026-03-18,2026-03-22,403.72,EUR,Paid
INV00809,V031,IT,Travel,2026-05-13,2026-05-17,2026-05-22,2026-05-24,1035.33,EUR,Paid
INV00810,V017,Legal,Consulting,2026-08-16,2026-08-18,2026-08-19,2026-08-22,95.39,EUR,  Paid  
INV00811,V005,Marketing,Facilities,2026-05-08,2026-05-13,2026-05-19,2026-05-25,93.68,EUR,  Paid  
INV00812,V004,Legal,Professional Services,09-May-2026,2026-05-12,2026-05-14,2026-05-16,1260.3,EUR,Paid
INV00813,V028,IT,Professional Services,2026-02-27,2026-02-28,2026-03-05,2026-03-07,1311.85,EUR,Paid
INV00814,V027,  IT  ,Professional Services,06-Jun-2026,2026-06-09,2026-06-18,2026-06-21,369.57,EUR,Paid
INV00815,V034,It,Office Supplies,2026-06-04,2026-06-09,2026-06-13,2026-06-16,303.55,EUR,Paid
INV00816,V001,Finance,Professional Services,2026-05-26,2026-05-26,2026-05-30,2026-05-31,15396.17,EUR,Paid
INV00817,V039,Finance,Travel,2026-08-08,2026-08-08,2026-08-12,2026-08-15,566.08,EUR,paid
INV00818,V006,FINANCE,Software & IT Services,2026-03-30,2026-03-31,2026-04-02,2026-04-05,1745.29,EUR,Paid
INV00819,V009,Legal,Professional Services,2025-12-27,2025-12-27,2026-01-19,2026-03-14,2858.92,EUR,PAID
INV00820,V024,Legal,Consulting,2025-11-16,2025-11-16,2025-11-29,2025-12-03,1480.82,EUR,Paid
INV00821,V020,IT,Software & IT Services,2026-05-16,2026-05-19,2026-05-28,2026-05-29,840.27,EUR,Paid
INV00822,V027,Marketing,Professional Services,2025-09-30,2025-10-04,2025-10-19,2025-10-23,913.58,EUR,Paid
INV00823,V003,Legal,Consulting,2026-08-07,2026-08-11,2026-08-20,2026-08-23,1166.98,EUR,Paid
INV00824,V036,Operations,Consulting,2026-08-03,2026-08-06,2026-08-13,2026-08-18,2062.51,EUR,Paid
INV00825,V008,Finance,Software & IT Services,2025-09-03,2025-09-07,2025-09-08,2025-09-09,451.5,EUR,Paid
INV00826,V028,  HR  ,Professional Services,2026-03-29,2026-03-29,2026-04-05,2026-04-08,590.05,EUR,Paid
INV00827,V028,finance,Professional Services,2026-05-29,2026-06-03,2026-06-12,2026-06-13,3902.74,EUR,Paid
INV00828,V031,Marketing,Travel,2026-06-01,2026-06-03,2026-06-04,2026-06-10,351.21,EUR,  Paid  
INV00829,V009,Finance,Professional Services,2026-05-15,2026-05-20,2026-05-22,2026-05-28,455.2,EUR,Paid
INV00830,V022,  Legal  ,Office Supplies,2026-04-08,2026-04-09,2026-04-17,2026-04-24,263.14,EUR,Paid
INV00831,V038,Finance,Professional Services,2025-10-19,2025-10-23,2025-11-02,2025-11-04,456.74,EUR,  Paid  
INV00832,V027,IT,Professional Services,2026-01-01,2026-01-02,2026-01-07,2026-01-20,581.74,EUR,Paid
INV00833,V010,HR,Consulting,2026/05/27,2026-05-29,2026-06-01,2026-06-05,358.29,EUR,Paid
INV00834,V028,Marketing,Professional Services,2026-01-14,2026-01-17,2026-01-25,2026-01-27,795.12,EUR,Paid
INV00835,V016,Finance,Travel,2026-03-10,2026-03-13,2026-03-18,2026-03-22,445.8,EUR,Paid
INV00836,V026,Operations,Software & IT Services,2026-06-16,2026-06-17,2026-06-21,2026-06-22,559.02,EUR,Paid
INV00837,V027,Legal,Professional Services,2025/12/24,2025-12-26,2025-12-28,2025-12-30,463.72,EUR,Paid
INV00838,V026,Legal,SOFTWARE & IT SERVICES,10/11/2025,2025-10-16,2025-10-20,2025-10-24,83.74,EUR,Paid
INV00839,V005,  Legal  ,Facilities,2025-09-16,2025-09-16,2025-09-19,2025-10-02,2982.23,EUR,Paid
INV00840,V030,Operations,Office Supplies,2026-03-13,2026-03-16,2026-03-21,2026-03-24,3402.43,EUR,Paid
INV00841,V025,HR,Office Supplies,2026-05-01,2026-05-01,2026-05-04,2026-05-07,2929.79,EUR,Paid
INV00842,V017,Legal,Consulting,09/04/2025,2025-09-09,2025-09-15,2025-09-16,1071.25,EUR,Paid
INV00843,V015,IT,  Office Supplies  ,2025-10-12,2025-10-15,2025-10-22,2025-10-25,1046.62,EUR,Paid
INV00844,V006,Operations,  Software & IT Services  ,2026-07-27,2026-07-29,2026-08-04,2026-08-05,1166.35,EUR,Paid
INV00845,V006,HR,Software & IT Services,2025-10-18,2025-10-22,2025-10-27,2025-11-04,423.3,EUR,Paid
INV00846,V032,Finance,Software & IT Services,2025-12-26,2025-12-27,2026-01-09,2026-01-10,441.97,EUR,Paid
INV00847,V005,Legal,facilities,2026-06-17,,2026-06-27,2026-07-01,230.0,EUR,Paid
INV00848,V025,Marketing,Office Supplies,2025/09/23,2025-09-23,2025-09-26,2025-09-27,3784.43,EUR,paid
INV00849,V017,Legal,Consulting,2026-01-21,2026-01-25,2026-01-27,2026-01-29,277.61,EUR,Paid
INV00850,V012,HR,Professional Services,2026-08-02,2026-08-02,2026-08-05,2026-08-07,452.38,EUR,Paid
INV00851,V028,IT,Professional Services,2026-02-08,2026-02-08,2026-02-16,2026-02-23,499.17,EUR,Paid
INV00852,V025,IT,Office Supplies,27-Jun-2026,2026-06-28,2026-06-30,2026-07-07,372.76,EUR,Paid
INV00853,V036,Legal,Consulting,2026-03-22,2026-03-22,2026-04-05,2026-04-06,1052.1,EUR,Paid
INV00854,V023,Marketing,Office Supplies,2025-11-22,2025-11-26,2025-11-30,2025-12-01,2682.4,EUR,Paid
INV00855,V027,IT,Professional Services,2026-06-17,2026-06-20,2026-06-28,2026-07-03,906.38,EUR,Paid
INV00856,V038,Legal,PROFESSIONAL SERVICES,2026-06-03,2026-06-05,2026-06-06,2026-06-12,86.71,EUR,Paid
INV00857,V022,OPERATIONS,Office Supplies,2025-11-10,2025-11-15,2025-11-18,2025-11-19,1671.76,EUR,Paid
INV00858,V028,Legal,Professional Services,2025-10-10,2025-10-14,2025-10-18,2025-10-22,776.68,EUR,Paid
INV00859,V006,Legal,Software & IT Services,2026-02-24,2026-02-24,2026-03-09,2026-03-23,200.21,EUR,Paid
INV00860,V001,Finance,Professional Services,2026-04-11,2026-04-12,2026-04-15,2026-04-20,724.13,EUR,Paid
INV00861,V006,Finance,Software & IT Services,2026-02-21,2026-02-25,2026-03-01,2026-03-02,2433.84,EUR,Paid
INV00862,V001,HR,Professional Services,2026-07-01,2026-07-04,2026-07-05,2026-07-07,481.3,EUR,Paid
INV00863,V002,Marketing,Consulting,2025-09-15,2025-09-20,2025-09-26,2025-10-01,1711.73,EUR,Paid
INV00864,V010,Marketing,Consulting,2026-04-18,2026-04-21,2026-04-25,2026-04-27,680.91,EUR,Paid
INV00865,V037,It,Software & IT Services,2026-03-01,2026-03-05,2026-03-15,2026-03-24,792.24,EUR,Paid
INV00866,V035,Operations,Facilities,2026-04-09,2026-04-10,2026-04-28,2026-05-01,1010.23,EUR,Paid
INV00867,V022,Legal,Office Supplies,2026-06-26,2026-07-01,2026-07-06,2026-07-07,418.07,EUR,Paid
INV00868,V020,Operations,Software & IT Services,2025-10-13,2025-10-17,2025-10-19,2025-10-20,1473.86,EUR,Paid
INV00869,V019,Marketing,Consulting,2026-01-04,2026-01-09,2026-01-24,2026-01-25,156.12,EUR,Paid
INV00870,V021,Finance,Software & IT Services,2025-10-12,2025-10-14,2025-10-18,2025-10-23,180.96,EUR,Paid
INV00871,V028,IT,Professional Services,2026-03-13,2026-03-18,2026-03-25,2026-03-26,429.35,EUR,PAID
INV00872,V037,Legal,Software & IT Services,2025-11-17,2025-11-22,2025-11-24,2025-11-27,2573.85,EUR,Paid
INV00873,V031,Operations,Travel,2026-02-09,2026-02-11,2026-02-13,2026-02-14,1442.89,EUR,Paid
INV00874,V039,Finance,Travel,2025-10-16,2025-10-16,2025-10-28,2025-10-31,1717.69,EUR,Paid
INV00875,V031,Marketing,Travel,2026-04-15,2026-04-17,2026-04-18,2026-04-20,142.61,EUR,Paid
INV00876,V008,Marketing,Software & It Services,2025-10-22,2025-10-23,2025-10-25,2025-10-28,727.56,EUR,Paid
INV00877,V038,Finance,Professional Services,2025-12-04,2025-12-07,2025-12-13,2025-12-22,527.02,EUR,Paid
INV00878,V019,Operations,Consulting,2026-06-12,2026-06-16,2026-06-23,2026-06-28,85.36,EUR,Paid
INV00879,V028,HR,Professional Services,2026-03-27,2026-03-27,2026-04-02,2026-04-04,489.32,EUR,Paid
INV00880,V024,Finance,Consulting,2025-10-15,2025-10-17,2025-10-25,2025-10-28,415.63,EUR,Paid
INV00881,V034,Hr,Office Supplies,10/17/2025,2025-10-21,2025-10-25,2025-10-28,660.44,EUR,paid
INV00882,V001,HR,Professional Services,2026-02-13,2026-02-16,2026-02-18,2026-02-21,123.9,EUR,Paid
INV00883,V003,Finance,Consulting,2026-01-27,2026-01-30,2026-01-31,2026-02-13,174.32,EUR,Paid
INV00884,V012,Operations,Professional Services,2025-10-13,2025-10-18,2025-10-21,2025-10-28,1144.18,EUR,Paid
INV00885,V012,HR,Professional Services,2026-01-02,2026-01-06,2026-02-01,2026-03-09,429.8,EUR,Paid
INV00886,V038,Hr,Professional Services,2025-11-25,2025-11-30,2025-12-09,2025-12-20,2022.02,EUR,  Paid  
INV00887,V012,Operations,  Professional Services  ,2025-11-25,2025-11-26,2025-11-28,2025-11-30,3914.48,EUR,Paid
INV00888,V034,Marketing,Office Supplies,2026-02-01,2026-02-03,2026-02-04,2026-02-10,1191.66,EUR,Paid
INV00889,V002,Operations,consulting,2025-11-13,2025-11-13,2025-11-16,2025-11-17,147.11,EUR,Paid
INV00890,V004,IT,Professional Services,2026-04-10,2026-04-12,2026-04-17,2026-04-20,112.15,EUR,Paid
INV00891,V037,  Operations  ,Software & IT Services,2026-01-31,2026-02-03,2026-02-28,2026-04-28,1016.38,EUR,Paid
INV00892,V001,Finance,  Professional Services  ,2026-03-03,2026-03-05,2026-03-07,2026-03-14,314.16,EUR,Paid
INV00893,V034,IT,Office Supplies,2026-07-17,2026-07-20,2026-07-25,2026-07-30,438.91,EUR,Paid
INV00894,V011,HR,Professional Services,2026-07-12,2026-07-13,2026-07-16,2026-07-17,793.55,EUR,Paid
INV00895,V035,Operations,  Facilities  ,2025-10-24,2025-10-25,2025-10-27,2025-10-29,1046.48,EUR,Paid
INV00896,V040,Marketing,Facilities,2025-09-03,2025-09-06,2025-09-09,2025-09-15,758.09,EUR,Paid
INV00897,V022,Marketing,Office Supplies,2026-07-14,2026-07-17,2026-07-26,2026-07-28,318.43,EUR,Paid
INV00898,V009,Marketing,Professional Services,2026-04-13,2026-04-15,2026-04-19,2026-04-25,1030.21,EUR,Paid
INV00899,V010,Operations,Consulting,2026-07-30,2026-08-03,2026-08-11,2026-08-18,365.96,EUR,Paid
INV00900,V012,IT,Professional Services,2026-01-31,2026-02-02,2026-02-03,2026-02-10,481.83,EUR,Paid
INV00901,V008,HR,Software & IT Services,2026-08-21,2026-08-22,2026-08-23,2026-08-24,462.97,EUR,Paid
INV00902,V037,Operations,Software & IT Services,2026-02-07,2026-02-08,2026-02-19,2026-02-24,245.09,EUR,Paid
INV00903,V039,Operations,Travel,2026-02-10,2026-02-12,2026-02-14,2026-02-15,378.68,EUR,Paid
INV00904,V015,LEGAL,Office Supplies,2026-08-21,2026-08-26,2026-08-29,2026-08-30,623.74,EUR,Paid
INV00905,V027,Operations,  Professional Services  ,2026-06-21,2026-06-22,2026-06-26,2026-06-28,1831.89,EUR,Paid
INV00906,V022,Marketing,Office Supplies,2026-03-11,2026-03-13,2026-03-19,2026-03-25,461.0,EUR,  Paid  
INV00907,V030,Operations,Office Supplies,2026-03-05,2026-03-05,2026-03-06,2026-03-11,279.92,EUR,Paid
INV00908,V026,HR,Software & IT Services,2025-12-11,2025-12-15,2025-12-16,2025-12-18,364.89,EUR,Paid
INV00909,V018,HR,Consulting,2025-12-01,2025-12-06,2025-12-08,2025-12-09,461.55,EUR,  Paid  
INV00910,V025,HR,Office Supplies,2025-09-13,2025-09-18,2025-09-19,2025-09-20,511.65,EUR,Paid
INV00911,V033,Operations,Travel,2026-08-28,2026-08-29,2026-09-03,2026-09-09,5275.29,EUR,Paid
INV00912,V006,Operations,Software & IT Services,2026-01-27,2026-02-01,2026-02-16,2026-02-22,652.55,EUR,Paid
INV00913,V022,Finance,Office Supplies,2026-03-28,2026-04-02,2026-04-08,2026-04-14,615.29,EUR,Paid
INV00914,V005,Operations,Facilities,2025-11-10,2025-11-15,2025-11-16,2025-11-17,246.98,EUR,Paid
INV00915,V040,marketing,facilities,01/01/2026,2026-01-03,2026-01-06,2026-01-07,807.69,EUR,Paid
INV00916,V011,Legal,PROFESSIONAL SERVICES,2025-11-17,2025-11-22,2025-11-28,2025-12-02,546.04,EUR,Paid
INV00917,V006,Operations,Software & IT Services,2026-03-12,2026-03-12,2026-03-14,2026-03-21,1073.78,EUR,Paid
INV00918,V013,Operations,Office Supplies,2026-07-03,2026-07-06,2026-07-14,2026-07-16,413.14,EUR,Paid
INV00919,V004,HR,Professional Services,2026-03-24,2026-03-28,2026-04-04,2026-04-06,571.67,EUR,Paid
INV00920,V005,HR,facilities,2026-08-20,2026-08-23,2026-08-28,2026-09-01,640.84,EUR,  Paid  
INV00921,V013,HR,Office Supplies,2025-09-18,2025-09-20,2025-09-25,2025-09-27,304.51,EUR,Paid
INV00922,V034,  Legal  ,Office Supplies,2026-06-01,2026-06-05,2026-06-12,2026-06-24,92.01,EUR,Paid
INV00923,V036,Legal,  Consulting  ,2025-10-13,2025-10-13,2025-10-14,2025-10-17,438.04,EUR,Paid
INV00924,V008,IT,Software & IT Services,2026-08-02,2026-08-07,2026-08-08,2026-08-09,3192.45,EUR,Paid
INV00925,V005,Marketing,Facilities,2025-11-24,2025-11-29,2025-12-31,2026-02-27,277.67,EUR,Paid
INV00926,V011,HR,Professional Services,2025-09-22,2025-09-26,2025-09-28,2025-09-29,1259.84,EUR,Paid
INV00927,V012,Legal,Professional Services,2026-08-12,2026-08-17,2026-08-20,2026-08-24,1640.28,EUR,Paid
INV00928,V025,  Operations  ,Office Supplies,16-Feb-2026,2026-02-19,2026-02-20,2026-02-27,7864.85,EUR,Paid
INV00929,V017,Finance,Consulting,2025-09-05,2025-09-05,2025-09-06,2025-09-11,2052.31,EUR,Paid
INV00930,V020,Marketing,Software & IT Services,2025-12-22,2025-12-26,2025-12-27,2026-01-01,312.22,EUR,Paid
INV00931,V031,Legal,Travel,2026-05-23,2026-05-27,2026-06-01,2026-06-02,122.93,EUR,Paid
INV00932,V006,  HR  ,Software & IT Services,2026-08-18,2026-08-22,2026-08-31,2026-09-02,1177.59,EUR,Paid
INV00933,V010,IT,Consulting,2026-04-16,2026-04-18,2026-04-20,2026-04-25,647.69,EUR,Paid
INV00934,V025,Operations,office supplies,2026-04-25,2026-04-30,2026-05-11,2026-05-16,925.96,EUR,Paid
INV00935,V027,HR,Professional Services,2026-08-19,2026-08-23,2026-08-25,2026-08-30,734.13,EUR,Paid
INV00936,V018,IT,Consulting,2026-02-23,2026-02-23,2026-03-01,2026-03-02,370.86,EUR,Paid
INV00937,V001,Operations,Professional Services,23-Oct-2025,2025-10-25,2025-11-03,2025-11-09,671.83,EUR,Paid
INV00938,V027,Operations,Professional Services,2025-10-13,2025-10-13,2025-10-19,2025-10-22,1735.21,EUR,Paid
INV00939,V027,legal,  Professional Services  ,2025-11-11,2025-11-13,2025-11-19,2025-11-22,1272.98,EUR,Paid
INV00940,V035,Marketing,Facilities,2026-02-22,2026-02-25,2026-03-01,2026-03-04,336.08,EUR,Paid
INV00941,V005,IT,Facilities,2026-05-24,2026-05-27,2026-05-28,2026-05-29,2457.83,EUR,Paid
INV00942,V007,  Marketing  ,Software & IT Services,2026-05-01,2026-05-01,2026-05-04,2026-05-05,2014.64,EUR,Paid
INV00943,V003,Operations,Consulting,2026-08-22,2026-08-25,2026-08-28,2026-08-31,673.26,EUR,Paid
INV00944,V015,Marketing,Office Supplies,2025-10-04,2025-10-06,2025-10-15,2025-10-17,1942.75,EUR,Paid
INV00945,V031,Finance,Travel,2026-08-29,2026-08-29,2026-09-02,2026-09-06,238.85,EUR,Paid
INV00946,V004,Finance,Professional Services,2026-02-22,2026-02-27,2026-03-02,2026-03-04,6460.0,EUR,Paid
INV00947,V029,Finance,Professional Services,2026-08-12,2026-08-13,2026-08-14,2026-08-21,1287.6,EUR,Paid
INV00948,V032,Legal,Software & IT Services,2026-01-02,2026-01-06,2026-01-14,2026-01-18,3118.96,EUR,Paid
INV00949,V003,IT,Consulting,2026-06-09,2026-06-10,2026-06-15,2026-06-17,1757.98,EUR,Paid
INV00950,V037,Marketing,Software & IT Services,2026-06-13,2026-06-16,2026-06-17,2026-06-18,972.23,EUR,Paid
INV00951,V016,Operations,Travel,2025-12-27,2025-12-30,2026-01-20,2026-03-18,316.88,EUR,Paid
INV00952,V029,Legal,Professional Services,2025-12-03,2025-12-04,2025-12-15,2025-12-17,765.96,EUR,Paid
INV00953,V008,Legal,Software & IT Services,2026-08-02,2026-08-05,2026-08-12,2026-08-15,298.27,EUR,Paid
INV00954,V017,Operations,Consulting,2025-09-14,2025-09-19,2025-09-25,2025-09-28,368.55,EUR,Paid
INV00955,V018,HR,Consulting,2025-12-10,2025-12-13,2025-12-14,2025-12-18,613.31,EUR,Paid
INV00956,V020,HR,Software & IT Services,2026-04-07,2026-04-10,2026-04-12,2026-04-14,7700.71,EUR,Paid
INV00957,V021,Finance,  Software & IT Services  ,2026-08-26,2026-08-27,2026-09-06,2026-09-17,2496.93,EUR,Paid
INV00958,V022,IT,Office Supplies,2026-01-20,2026-01-25,2026-01-28,2026-02-03,1138.77,EUR,Paid
INV00959,V012,Finance,Professional Services,2026-06-22,2026-06-22,2026-06-24,2026-06-26,859.78,EUR,Paid
INV00960,V040,HR,FACILITIES,2025-12-04,2025-12-06,2025-12-09,2025-12-13,454.54,EUR,Paid
INV00961,V037,Marketing,Software & IT Services,2025-12-09,2025-12-12,2025-12-25,2025-12-30,378.45,EUR,Paid
INV00962,V026,Finance,Software & IT Services,2026-01-12,2026-01-17,2026-01-23,2026-01-30,603.22,EUR,Paid
INV00963,V035,Operations,Facilities,2026-05-28,2026-06-02,2026-06-06,2026-06-11,716.67,EUR,Paid
INV00964,V013,  Marketing  ,office supplies,2026-07-02,2026-07-05,2026-07-27,2026-09-03,264.11,EUR,Paid
INV00965,V011,HR,Professional Services,2026-03-19,2026-03-23,2026-04-03,2026-04-09,921.79,EUR,Paid
INV00966,V002,Finance,Consulting,2026-02-25,2026-02-27,2026-03-03,2026-03-05,350.45,EUR,Paid
INV00967,V020,Operations,Software & It Services,2026-07-13,2026-07-14,2026-07-19,2026-07-26,257.68,EUR,Paid
INV00968,V019,Legal,Consulting,2026-08-27,2026-08-29,2026-08-30,2026-09-01,2337.58,EUR,Paid
INV00969,V005,HR,Facilities,29-Jun-2026,2026-06-29,2026-07-01,2026-07-10,696.08,EUR,Paid
INV00970,V021,Legal,Software & IT Services,2025-11-07,2025-11-09,2025-11-10,2025-11-19,1100.26,EUR,Paid
INV00971,V037,Finance,Software & IT Services,2025-12-31,2026-01-02,2026-01-03,2026-01-04,142.33,EUR,  Paid  
INV00972,V011,finance,Professional Services,2025-12-02,2025-12-04,2025-12-06,2025-12-08,192.41,EUR,Paid
INV00973,V033,Legal,Travel,11-Nov-2025,2025-11-15,2025-11-18,2025-11-21,3109.9,EUR,Paid
INV00974,V029,OPERATIONS,Professional Services,2026-04-02,2026-04-06,2026-04-08,2026-04-09,5039.71,EUR,Paid
INV00975,V031,IT,Travel,2026-06-21,2026-06-24,2026-06-26,2026-06-27,323.05,EUR,Paid
INV00976,V003,Operations,Consulting,2025/12/04,2025-12-07,2025-12-08,2025-12-11,652.01,EUR,Paid
INV00977,V033,Legal,Travel,2026-06-02,2026-06-07,2026-06-13,2026-06-15,1560.74,EUR,Paid
INV00978,V032,Legal,Software & IT Services,2025-11-27,2025-12-01,2025-12-04,2025-12-09,519.47,EUR,Paid
INV00979,V039,IT,Travel,2026-05-08,2026-05-10,2026-05-16,2026-05-17,128.77,EUR,Paid
INV00980,V028,it,Professional Services,2025-12-04,2025-12-06,2025-12-13,2025-12-15,228.48,EUR,Paid
INV00981,V019,Operations,  Consulting  ,2026-07-14,2026-07-14,2026-07-22,2026-07-28,914.86,EUR,Paid
INV00982,V020,Marketing,software & it services,2025-09-04,2025-09-07,2025-09-08,2025-09-11,970.83,EUR,Paid
INV00983,V004,IT,professional services,2025-12-08,2025-12-11,2025-12-15,2025-12-18,409.18,EUR,PAID
INV00984,V018,HR,Consulting,2026-05-16,2026-05-21,2026-05-22,2026-05-24,1105.95,EUR,Paid
INV00985,V037,Operations,Software & IT Services,2026-03-28,2026-04-02,2026-04-06,2026-04-08,4357.16,EUR,Paid
INV00986,V036,operations,Consulting,2026/03/31,2026-04-05,2026-04-07,2026-04-11,878.75,EUR,Paid
INV00987,V018,Operations,Consulting,08-May-2026,2026-05-09,2026-05-13,2026-05-17,1165.03,EUR,Paid
INV00988,V029,Finance,Professional Services,2026-06-16,2026-06-16,2026-06-17,2026-06-22,78.61,EUR,Paid
INV00989,V037,IT,Software & IT Services,2026-01-27,2026-01-27,2026-02-02,2026-02-05,1154.72,EUR,Paid
INV00990,V013,Marketing,Office Supplies,2025-12-24,2025-12-28,2026-01-01,2026-01-07,996.24,EUR,Paid
INV00991,V016,Marketing,Travel,2025-11-25,2025-11-28,2025-12-03,2025-12-04,422.18,EUR,  Paid  
INV00992,V015,HR,Office Supplies,2026-05-11,2026-05-15,2026-05-16,2026-05-17,1572.37,EUR,Paid
INV00993,V039,HR,travel,2025-10-27,2025-10-31,2025-11-07,2025-11-08,407.89,EUR,Paid
INV00994,V017,Finance,Consulting,01/15/2026,2026-01-19,2026-01-22,2026-01-28,102.2,EUR,Paid
INV00995,V012,Marketing,Professional Services,2026-06-04,2026-06-04,2026-06-09,2026-06-13,681.02,EUR,Paid
INV00996,V007,Legal,Software & IT Services,2026-04-13,2026-04-17,2026-04-18,2026-04-19,373.66,EUR,Paid
INV00997,V030,IT,Office Supplies,2026-04-05,2026-04-05,2026-04-11,2026-04-20,1645.45,EUR,Paid
INV00998,V015,Legal,Office Supplies,2026-07-31,2026-08-01,2026-08-06,2026-08-07,234.79,EUR,Paid
INV00999,V020,Marketing,Software & IT Services,2025-09-16,2025-09-19,2025-09-30,2025-10-09,703.58,EUR,Paid
INV01000,V033,Marketing,Travel,25-Feb-2026,2026-02-25,2026-03-31,2026-04-21,415.67,EUR,Paid
INV01001,V002,Operations,Consulting,2025-10-30,2025-10-31,2025-11-04,2025-11-09,346.32,EUR,Paid
INV01002,V011,IT,Professional Services,2026-06-28,2026-07-03,2026-07-08,2026-07-11,2089.72,EUR,Paid
INV01003,V037,Marketing,Software & IT Services,2026-08-29,2026-09-02,2026-09-03,2026-09-04,293.6,EUR,Paid
INV01004,V039,Legal,Travel,2026-04-07,2026-04-08,2026-04-11,2026-04-14,1017.12,EUR,Paid
INV01005,V013,HR,Office Supplies,2025-11-10,2025-11-11,2025-11-15,2025-11-21,879.55,EUR,Paid
INV01006,V016,IT,Travel,2025-09-30,2025-10-04,2025-10-15,2025-10-17,477.81,EUR,Paid
INV01007,V037,Marketing,Software & IT Services,2026-05-30,2026-06-01,2026-06-04,2026-06-08,1104.15,EUR,Paid
INV01008,V034,HR,Office Supplies,2026-06-02,2026-06-03,2026-06-14,2026-06-16,1548.19,EUR,Paid
INV01009,V040,Marketing,  Facilities  ,2026-08-26,2026-08-28,2026-09-02,2026-09-03,1621.93,EUR,Paid
INV01010,V033,Marketing,Travel,2026-06-20,2026-06-22,2026-06-26,2026-06-27,127.46,EUR,Paid
INV01011,V020,HR,Software & IT Services,2026-08-13,2026-08-13,2026-08-21,2026-09-01,1701.43,EUR,Paid
INV01012,V020,  IT  ,  Software & IT Services  ,2026-03-29,2026-03-29,2026-04-04,2026-04-05,2393.87,EUR,Paid
INV01013,V016,Marketing,Travel,2026-08-01,2026-08-02,2026-08-04,2026-08-05,783.37,EUR,Paid
INV01014,V010,Legal,Consulting,2025-11-06,2025-11-07,2025-11-08,2025-11-09,1062.84,EUR,Paid
INV01015,V001,IT,Professional Services,2026-08-30,2026-09-01,2026-09-05,2026-09-08,22076.2,EUR,Paid
INV01016,V024,IT,Consulting,2026-08-12,2026-08-15,2026-08-16,2026-08-17,254.01,EUR,Paid
INV01017,V040,Operations,Facilities,2025-11-11,2025-11-15,2025-11-17,2025-11-18,1137.82,EUR,Paid
INV01018,V028,Legal,Professional Services,2026-01-15,2026-01-20,2026-01-28,2026-01-29,3263.3,EUR,Paid
INV01019,V029,  Operations  ,Professional Services,2026-03-11,2026-03-14,2026-03-18,2026-03-19,1157.89,EUR,Paid
INV01020,V032,Finance,SOFTWARE & IT SERVICES,2026-07-21,2026-07-21,2026-07-22,2026-07-25,2926.27,EUR,paid
INV01021,V001,Operations,professional services,2026-05-21,2026-05-26,2026-05-30,2026-06-04,1152.91,EUR,Paid
INV01022,V018,Marketing,Consulting,2026-08-21,2026-08-23,2026-08-26,2026-08-27,962.17,EUR,Paid
INV01023,V017,Operations,Consulting,2026-05-07,2026-05-09,2026-05-13,2026-05-14,1386.0,EUR,  Paid  
INV01024,V013,HR,Office Supplies,2025-09-01,2025-09-06,2025-09-10,2025-09-14,154.07,EUR,Paid
INV01025,V026,FINANCE,Software & IT Services,2026-04-22,2026-04-27,2026-04-28,2026-04-29,626.06,EUR,Paid
INV01026,V018,Legal,Consulting,08/23/2026,2026-08-25,2026-08-26,2026-08-29,638.6,EUR,  Paid  
INV01027,V024,FINANCE,Consulting,05/31/2026,2026-06-03,2026-06-06,2026-06-08,1996.14,EUR,Paid
INV01028,V035,IT,  Facilities  ,2026-04-07,2026-04-08,2026-04-09,2026-04-13,199.67,EUR,Paid
INV01029,V005,Operations,Facilities,2026/01/15,2026-01-17,2026-01-30,2026-02-01,1195.3,EUR,Paid
INV01030,V028,  Marketing  ,Professional Services,2026-02-19,2026-02-23,2026-02-27,2026-03-02,540.72,EUR,Paid
INV01031,V023,HR,Office Supplies,2025/11/05,2025-11-09,2025-11-12,2025-11-28,476.45,EUR,Paid
INV01032,V014,Operations,Consulting,2026-02-22,2026-02-27,2026-03-14,2026-03-18,893.97,EUR,Paid
INV01033,V016,Finance,Travel,2025-09-23,2025-09-23,2025-09-29,2025-10-06,1560.3,EUR,Paid
INV01034,V015,Legal,Office Supplies,2026-04-23,2026-04-23,2026-04-24,2026-04-27,181.19,EUR,Paid
INV01035,V014,Finance,Consulting,2025-11-19,2025-11-22,2025-11-25,2025-12-04,828.75,EUR,Paid
INV01036,V035,Operations,facilities,2025-08-31,2025-09-03,2025-09-07,2025-09-11,1454.92,EUR,Paid
INV01037,V040,IT,Facilities,2026-08-18,2026-08-19,2026-08-22,2026-08-24,1078.32,EUR,Paid
INV01038,V036,Legal,Consulting,2026-02-01,2026-02-02,2026-02-07,2026-02-10,2940.0,EUR,Paid
INV01039,V015,Marketing,Office Supplies,2025-10-17,2025-10-22,2025-10-23,2025-10-29,326.17,EUR,Paid
INV01040,V008,Marketing,Software & It Services,2026-01-06,2026-01-06,2026-01-07,2026-01-09,9989.37,EUR,Paid
INV01041,V001,Marketing,Professional Services,2026-08-06,2026-08-11,2026-08-12,2026-08-18,426.42,EUR,Paid
INV01042,V027,IT,Professional Services,2025-09-26,2025-09-29,2025-09-30,2025-10-03,559.06,EUR,Paid
INV01043,V040,Legal,Facilities,2026-02-03,2026-02-08,2026-02-17,2026-02-19,808.39,EUR,Paid
INV01044,V039,Legal,Travel,2025-12-28,2025-12-31,2026-01-03,2026-01-05,575.45,EUR,Paid
INV01045,V034,Legal,Office Supplies,2025-10-16,2025-10-21,2025-10-27,2025-10-30,431.85,EUR,Paid
INV01046,V014,Finance,Consulting,2025-08-31,2025-09-01,2025-09-06,2025-09-07,115.04,EUR,Paid
INV01047,V040,Operations,facilities,2025-10-09,2025-10-10,2025-10-11,2025-10-17,1862.55,EUR,Paid
INV01048,V014,HR,Consulting,2025-12-24,2025-12-28,2025-12-30,2026-01-06,597.19,EUR,Paid
INV01049,V032,Legal,Software & IT Services,2026-04-15,2026-04-15,2026-04-22,2026-04-24,2134.41,EUR,Paid
INV01050,V008,Finance,Software & IT Services,2026-08-22,2026-08-24,2026-08-25,2026-08-27,6179.82,EUR,Paid
INV01051,V012,Finance,Professional Services,2026-04-04,2026-04-09,2026-04-15,2026-04-16,156.74,EUR,Paid
INV01052,V024,IT,Consulting,2026-05-02,2026-05-02,2026-05-07,2026-05-09,409.86,EUR,Paid
INV01053,V013,IT,  Office Supplies  ,2026-03-15,2026-03-15,2026-03-17,2026-03-22,81.25,EUR,Paid
INV01054,V033,Legal,Travel,2025-10-22,2025-10-22,2025-10-26,2025-10-28,391.49,EUR,Paid
INV01055,V004,  Marketing  ,Professional Services,2026-03-07,2026-03-09,2026-03-10,2026-03-12,754.27,EUR,Paid
INV01056,V031,IT,Travel,2026-03-14,2026-03-15,2026-03-20,2026-03-25,2602.78,EUR,Paid
INV01057,V006,Legal,Software & IT Services,2026-08-12,2026-08-13,2026-08-18,2026-08-20,1280.25,EUR,Paid
INV01058,V025,Finance,office supplies,2026-05-29,2026-06-02,2026-06-03,2026-06-08,1394.42,EUR,Paid
INV01059,V001,Finance,Professional Services,2026-07-09,2026-07-14,2026-07-19,2026-07-24,180.35,EUR,Paid
INV01060,V018,IT,CONSULTING,2026-04-13,2026-04-15,2026-04-17,2026-04-22,1590.93,EUR,Paid
INV01061,V029,Legal,Professional Services,2025-12-18,2025-12-23,2026-01-04,2026-01-08,307.27,EUR,Paid
INV01062,V001,legal,Professional Services,2025-11-16,2025-11-19,2025-12-04,2025-12-10,353.89,EUR,Paid
INV01063,V032,HR,software & it services,2026-08-17,2026-08-20,2026-08-22,2026-08-27,117.36,EUR,Paid
INV01064,V039,IT,Travel,2025-10-14,2025-10-14,2025-10-19,2025-10-24,1346.48,EUR,Paid
INV01065,V020,IT,Software & IT Services,2025-11-02,2025-11-06,2025-11-09,2025-11-18,440.28,EUR,Paid
INV01066,V008,Legal,software & it services,2026-03-15,2026-03-17,2026-03-19,2026-03-21,1469.9,EUR,Paid
INV01067,V031,Operations,TRAVEL,2026-02-08,2026-02-09,2026-02-12,2026-02-13,2100.82,EUR,Paid
INV01068,V006,IT,Software & IT Services,2026-01-19,2026-01-24,2026-02-04,2026-02-11,510.01,EUR,Paid
INV01069,V023,Finance,office supplies,2026-01-05,2026-01-09,2026-01-10,2026-01-13,244.25,EUR,Paid
INV01070,V002,HR,Consulting,07/04/2026,2026-07-09,2026-07-10,2026-07-14,155.96,EUR,Paid
INV01071,V019,  HR  ,Consulting,2026-01-23,2026-01-28,2026-01-30,2026-01-31,476.37,EUR,Paid
INV01072,V015,finance,Office Supplies,2026-08-03,2026-08-05,2026-08-06,2026-08-10,283.78,EUR,Paid
INV01073,V010,IT,Consulting,2026-05-23,2026-05-27,2026-06-04,2026-06-08,238.63,EUR,Paid
INV01074,V011,HR,Professional Services,2025-12-05,2025-12-10,2025-12-13,2025-12-17,1406.66,EUR,PAID
INV01075,V020,Operations,Software & IT Services,2026-01-29,2026-02-03,2026-02-04,2026-02-09,643.32,EUR,Paid
INV01076,V028,Finance,Professional Services,2025-12-31,2026-01-03,2026-01-04,2026-01-07,447.16,EUR,Paid
INV01077,V029,Operations,Professional Services,2025-10-27,2025-10-28,2025-10-29,2025-11-06,2656.7,EUR,Paid
INV01078,V002,Operations,Consulting,2026-07-23,2026-07-27,2026-07-28,2026-08-01,505.13,EUR,PAID
INV01079,V001,Finance,Professional Services,2026-05-28,2026-05-28,2026-06-01,2026-06-05,7143.19,EUR,Paid
INV01080,V001,marketing,  Professional Services  ,2026-02-09,2026-02-10,2026-02-20,2026-02-21,256.93,EUR,Paid
INV01081,V022,Operations,Office Supplies,2026-06-18,2026-06-21,2026-06-23,2026-07-01,334.93,EUR,Paid
INV01082,V020,marketing,Software & IT Services,2026-06-06,2026-06-11,2026-06-15,2026-06-17,669.0,EUR,Paid
INV01083,V027,IT,Professional Services,2026-04-29,2026-04-29,2026-05-02,2026-05-03,413.39,EUR,Paid
INV01084,V010,Finance,Consulting,2026-06-27,2026-06-27,2026-06-30,2026-07-05,555.94,EUR,Paid
INV01085,V040,Finance,Facilities,2026-01-12,2026-01-13,2026-01-15,2026-01-21,889.54,EUR,Paid
INV01086,V028,Finance,Professional Services,2025-09-30,2025-10-03,2025-10-17,2025-10-27,924.99,EUR,Paid
INV01087,V039,HR,Travel,2026-01-24,2026-01-29,2026-01-30,2026-02-02,1162.74,EUR,Paid
INV01088,V023,  Legal  ,Office Supplies,2026-05-14,2026-05-17,2026-05-19,2026-05-20,291.34,EUR,Paid
INV01089,V029,Operations,Professional Services,2026-08-25,2026-08-28,2026-09-03,2026-09-05,614.19,EUR,Paid
INV01090,V026,Finance,Software & IT Services,2026-07-24,2026-07-28,2026-07-30,2026-07-31,614.19,EUR,Paid
INV01091,V027,Hr,Professional Services,2026-07-12,2026-07-13,2026-07-14,2026-07-24,1129.89,EUR,Paid
INV01092,V005,Marketing,Facilities,2025-10-12,2025-10-14,2025-10-25,2025-10-26,293.03,EUR,Paid
INV01093,V014,Finance,Consulting,2026-05-19,2026-05-20,2026-05-23,2026-06-01,665.22,EUR,Paid
INV01094,V039,IT,Travel,2026-06-01,2026-06-03,2026-06-05,2026-06-08,347.29,EUR,Paid
INV01095,V014,Operations,Consulting,2026-06-27,2026-07-02,2026-07-05,2026-07-15,95.04,EUR,Paid
INV01096,V032,Legal,Software & IT Services,2026-08-14,2026-08-19,2026-08-22,2026-08-28,296.76,EUR,Paid
INV01097,V039,Finance,Travel,2026-02-05,2026-02-10,2026-02-17,2026-02-21,1842.38,EUR,Paid
INV01098,V011,  Operations  ,Professional Services,2025-12-31,2025-12-31,2026-01-02,2026-01-03,1674.61,EUR,Paid
INV01099,V012,IT,Professional Services,2025-10-14,2025-10-17,2025-10-22,2025-10-23,189.75,EUR,Paid
INV01100,V032,Finance,Software & IT Services,2026-04-20,2026-04-24,2026-04-25,2026-04-26,1375.0,EUR,Paid
INV01101,V023,HR,Office Supplies,2025-09-28,2025-09-30,2025-10-06,2025-10-14,222.46,EUR,Paid
INV01102,V011,Legal,  Professional Services  ,2026-08-02,2026-08-07,2026-08-16,2026-08-20,5241.7,EUR,Paid
INV01103,V016,IT,Travel,2025-10-31,2025-10-31,2025-11-04,2025-11-08,401.13,EUR,Paid
INV01104,V015,Legal,Office Supplies,2025-11-09,2025-11-14,2025-11-20,2025-11-22,945.06,EUR,Paid
INV01105,V008,Finance,Software & IT Services,2025-11-22,2025-11-25,2025-11-26,2025-11-30,931.24,EUR,Paid
INV01106,V010,Marketing,Consulting,05/25/2026,2026-05-29,2026-06-01,2026-06-17,374.92,EUR,Paid
INV01107,V029,Legal,Professional Services,2026-01-10,2026-01-11,2026-01-16,2026-01-17,2188.93,EUR,Paid
INV01108,V015,MARKETING,Office Supplies,2025-11-03,2025-11-08,2025-11-09,2025-11-14,1327.35,EUR,Paid
INV01109,V036,Marketing,Consulting,2025-10-30,2025-10-30,2025-11-07,2025-11-10,2015.66,EUR,  Paid  
INV01110,V026,Marketing,  Software & IT Services  ,2026-04-07,2026-04-09,2026-04-19,2026-04-25,253.74,EUR,Paid
INV01111,V012,Hr,Professional Services,2025-10-02,2025-10-04,2025-10-11,2025-10-13,1122.28,EUR,Paid
INV01112,V020,Legal,Software & IT Services,22-Jun-2026,2026-06-27,2026-06-30,2026-07-11,841.77,EUR,paid
INV01113,V015,Finance,  Office Supplies  ,2026-05-12,2026-05-15,2026-05-19,2026-05-21,1147.21,EUR,Paid
INV01114,V036,Hr,Consulting,2026-03-03,2026-03-03,2026-03-05,2026-03-07,1459.06,EUR,Paid
INV01115,V001,  Operations  ,PROFESSIONAL SERVICES,2026-06-17,2026-06-18,2026-06-23,2026-06-27,261.74,EUR,Paid
INV01116,V040,Marketing,Facilities,2025-11-19,2025-11-21,2025-11-28,2025-11-29,181.33,EUR,Paid
INV01117,V025,Finance,Office Supplies,2026-06-20,2026-06-25,2026-07-02,2026-07-03,486.12,EUR,Paid
INV01118,V004,Legal,Professional Services,2025-10-29,2025-10-30,2025-10-31,2025-11-05,2093.25,EUR,Paid
INV01119,V029,Legal,Professional Services,2026-05-18,2026-05-18,2026-05-23,2026-06-02,551.42,EUR,Paid
INV01120,V036,  Finance  ,Consulting,2025-09-06,2025-09-07,2025-09-11,2025-09-14,216.11,EUR,Paid
INV01121,V019,finance,Consulting,2026-04-29,2026-05-01,2026-05-03,2026-05-13,713.34,EUR,Paid
INV01122,V026,OPERATIONS,software & it services,2025-11-15,2025-11-16,2025-11-18,2025-11-22,266.54,EUR,Paid
INV01123,V015,Finance,Office Supplies,2026-06-10,2026-06-15,2026-06-17,2026-06-18,573.14,EUR,Paid
INV01124,V037,Legal,Software & IT Services,2026-08-01,2026-08-04,2026-08-06,2026-08-11,3256.52,EUR,Paid
INV01125,V037,IT,Software & IT Services,2026-02-11,2026-02-12,2026-02-16,2026-02-20,780.97,EUR,Paid
INV01126,V005,Operations,facilities,2026-02-10,2026-02-12,2026-02-14,2026-02-15,349.87,EUR,paid
INV01127,V020,Finance,Software & IT Services,2026-06-19,2026-06-21,2026-06-25,2026-06-27,303.41,EUR,Paid
INV01128,V040,Finance,Facilities,2026-05-15,2026-05-20,2026-05-22,2026-05-23,1120.21,EUR,  Paid  
INV01129,V039,Finance,Travel,2025-11-30,2025-12-01,2025-12-03,2025-12-04,366.52,EUR,Paid
INV01130,V016,HR,Travel,2025-09-23,2025-09-26,2025-10-05,2025-10-06,83.35,EUR,Paid
INV01131,V037,Finance,Software & IT Services,2026-04-26,2026-04-28,2026-04-30,2026-05-01,610.77,EUR,Paid
INV01132,V037,Marketing,Software & IT Services,2026-02-14,2026-02-14,2026-02-17,2026-02-18,938.48,EUR,Paid
INV01133,V021,HR,software & it services,2026-04-21,2026-04-21,2026-04-24,2026-04-26,2067.4,EUR,Paid
INV01134,V020,Marketing,Software & IT Services,2025-12-11,2025-12-13,2025-12-16,2025-12-18,339.78,EUR,Paid
INV01135,V018,HR,CONSULTING,2026-02-02,2026-02-07,2026-02-13,2026-02-16,3577.16,EUR,Paid
INV01136,V002,HR,Consulting,2026-01-02,2026-01-05,2026-01-06,2026-01-10,637.5,EUR,PAID
INV01137,V039,Marketing,Travel,2026-06-29,2026-07-02,2026-07-04,2026-07-07,258.61,EUR,Paid
INV01138,V024,IT,Consulting,06-Jun-2026,2026-06-07,2026-06-08,2026-06-13,687.97,EUR,Paid
INV01139,V033,IT,Travel,2025-09-03,2025-09-06,2025-09-07,2025-09-09,132.44,EUR,Paid
INV01140,V037,Finance,Software & IT Services,2025-12-28,2026-01-01,2026-01-11,2026-01-16,756.39,EUR,Paid
INV01141,V038,Marketing,Professional Services,2026-07-22,2026-07-27,2026-08-04,2026-08-07,643.84,EUR,Paid
INV01142,V007,Finance,Software & IT Services,2026-02-18,2026-02-18,2026-02-22,2026-02-23,121.51,EUR,Paid
INV01143,V030,Legal,Office Supplies,2026-03-11,2026-03-16,2026-03-19,2026-03-27,143.9,EUR,Paid
INV01144,V015,LEGAL,Office Supplies,2026-02-04,2026-02-04,2026-02-12,2026-02-16,572.48,EUR,Paid
INV01145,V003,it,Consulting,2026-05-29,2026-05-30,2026-06-05,2026-06-10,46.5,EUR,Paid
INV01146,V002,Operations,Consulting,2026-05-09,2026-05-09,2026-05-12,2026-05-14,97.77,EUR,Paid
INV01147,V004,IT,Professional Services,2026-08-30,2026-09-01,2026-09-02,2026-09-05,6422.88,EUR,Paid
INV01148,V021,Finance,Software & IT Services,2025-09-22,2025-09-23,2025-09-25,2025-09-27,417.23,EUR,Paid
INV01149,V001,HR,Professional Services,2026-03-30,2026-04-04,2026-04-08,2026-04-12,472.28,EUR,Paid
INV01150,V030,Marketing,Office Supplies,2026-04-22,2026-04-27,2026-05-05,2026-05-06,1031.04,EUR,Paid
INV01151,V016,Finance,Travel,24-Jun-2026,2026-06-24,2026-06-29,2026-06-30,88.32,EUR,Paid
INV01152,V012,Hr,Professional Services,11/07/2025,2025-11-12,2025-11-16,2025-11-20,1598.07,EUR,Paid
INV01153,V025,Operations,office supplies,2025-10-08,2025-10-12,2025-10-15,2025-10-16,867.71,EUR,Paid
INV01154,V035,HR,Facilities,2025-10-01,2025-10-04,2025-10-07,2025-10-10,280.94,EUR,Paid
INV01155,V022,Legal,Office Supplies,2025-11-05,2025-11-06,2025-11-13,2025-11-15,4163.39,EUR,Paid
INV01156,V017,Marketing,Consulting,2026-01-11,2026-01-13,2026-01-15,2026-01-16,781.61,EUR,Paid
INV01157,V039,Operations,Travel,2026-08-24,2026-08-29,2026-09-09,2026-09-10,2055.78,EUR,Paid
INV01158,V014,Marketing,Consulting,2026-02-09,2026-02-12,2026-02-22,2026-03-02,80.27,EUR,Paid
INV01159,V014,Marketing,Consulting,2025-12-28,2025-12-28,2025-12-31,2026-01-01,275.58,EUR,Paid
INV01160,V029,IT,Professional Services,2025-11-08,2025-11-12,2025-11-25,2025-11-27,1847.61,EUR,Paid
INV01161,V029,Finance,Professional Services,2025-11-18,2025-11-18,2025-12-03,2025-12-05,612.97,EUR,Paid
INV01162,V007,IT,Software & IT Services,2026-04-18,2026-04-21,2026-05-02,2026-05-10,522.9,EUR,Paid
INV01163,V038,Marketing,Professional Services,27-Mar-2026,2026-03-27,2026-03-28,2026-03-29,43.08,EUR,Paid
INV01164,V025,HR,Office Supplies,2026-03-02,2026-03-03,2026-04-04,2026-04-21,1023.56,EUR,Paid
INV01165,V037,  Operations  ,Software & IT Services,2026-02-04,2026-02-07,2026-02-08,2026-02-12,768.86,EUR,Paid
INV01166,V024,MARKETING,Consulting,2025-10-31,2025-10-31,2025-11-02,2025-11-03,234.21,EUR,Paid
INV01167,V017,IT,Consulting,2026-08-17,2026-08-19,2026-08-23,2026-08-28,318.41,EUR,Paid
INV01168,V030,Legal,Office Supplies,08/22/2026,2026-08-26,2026-08-27,2026-09-01,1413.42,EUR,Paid
INV01169,V003,Finance,Consulting,2025-12-19,2025-12-21,2025-12-28,2025-12-29,735.14,EUR,Paid
INV01170,V003,IT,Consulting,2025-10-16,2025-10-21,2025-10-28,2025-11-05,693.0,EUR,Paid
INV01171,V019,IT,Consulting,2026-03-01,2026-03-04,2026-03-06,2026-03-11,5978.03,EUR,Paid
INV01172,V017,Hr,Consulting,25-Sep-2025,2025-09-30,2025-10-08,2025-10-09,2058.67,EUR,Paid
INV01173,V024,Marketing,Consulting,2026-01-11,2026-01-12,2026-01-14,2026-01-17,2498.0,EUR,Paid
INV01174,V025,Finance,Office Supplies,2026-03-26,2026-03-29,2026-03-30,2026-04-03,1561.06,EUR,Paid
INV01175,V008,HR,Software & IT Services,2026-06-08,2026-06-09,2026-06-21,2026-06-23,606.06,EUR,Paid
INV01176,V019,Finance,Consulting,2026-04-24,2026-04-24,2026-04-30,2026-05-03,554.62,EUR,Paid
INV01177,V021,  IT  ,Software & IT Services,2025-11-01,2025-11-01,2025-11-07,2025-11-09,623.19,EUR,Paid
INV01178,V012,Finance,Professional Services,2025-12-22,2025-12-23,2025-12-25,2025-12-29,931.53,EUR,Paid
INV01179,V018,IT,CONSULTING,2026-03-24,2026-03-26,2026-04-06,2026-04-07,207.05,EUR,Paid
INV01180,V026,Legal,Software & IT Services,2026-07-19,2026-07-24,2026-07-26,2026-08-07,900.71,EUR,Paid
INV01181,V028,Finance,Professional Services,2026-06-25,2026-06-29,2026-07-07,2026-07-09,867.87,EUR,Paid
INV01182,V009,Marketing,Professional Services,2025-10-08,2025-10-08,2025-10-11,2025-10-12,765.16,EUR,  Paid  
INV01183,V015,Finance,Office Supplies,2025-12-10,2025-12-15,2025-12-16,2025-12-20,1746.3,EUR,Paid
INV01184,V029,Operations,Professional Services,2025-11-04,2025-11-04,2025-11-12,2025-11-13,354.59,EUR,Paid
INV01185,V034,Marketing,Office Supplies,2025-11-01,2025-11-01,2025-11-03,2025-11-04,14850.82,EUR,Paid
INV01186,V002,Operations,Consulting,2025-09-25,2025-09-26,2025-09-28,2025-09-30,875.68,EUR,Paid
INV01187,V021,HR,Software & IT Services,2026-04-09,2026-04-14,2026-04-15,2026-04-17,232.15,EUR,Paid
INV01188,V003,Operations,Consulting,2026-05-12,2026-05-12,2026-05-19,2026-06-02,609.81,EUR,Paid
INV01189,V020,Operations,Software & IT Services,2026-08-15,2026-08-18,2026-08-22,2026-08-23,1063.89,EUR,Paid
INV01190,V016,IT,Travel,2026-02-28,2026-03-01,2026-03-08,2026-03-10,268.9,EUR,Paid
INV01191,V008,IT,Software & IT Services,2026-01-18,2026-01-20,2026-01-23,2026-01-25,3566.79,EUR,Paid
INV01192,V022,Operations,Office Supplies,2025-11-15,2025-11-15,2025-11-23,2025-11-26,272.77,EUR,Paid
INV01193,V013,HR,Office Supplies,2026-07-14,2026-07-18,2026-07-19,2026-07-20,262.99,EUR,Paid
INV01194,V015,IT,Office Supplies,2026-07-28,2026-07-30,2026-08-05,2026-08-07,1256.5,EUR,Paid
INV01195,V030,Operations,Office Supplies,2026-03-29,,2026-04-05,2026-04-10,130.04,EUR,Paid
INV01196,V012,Operations,Professional Services,2025-10-01,2025-10-01,2025-10-08,2025-10-11,3861.71,EUR,Paid
INV01197,V033,Marketing,Travel,03/15/2026,2026-03-16,2026-03-18,2026-03-23,336.88,EUR,Paid
INV01198,V013,Operations,Office Supplies,2025-12-11,2025-12-16,2025-12-17,2025-12-21,47.6,EUR,Paid
INV01199,V035,HR,  Facilities  ,2026/01/05,2026-01-10,2026-01-13,2026-01-15,301.0,EUR,Paid
INV01200,V032,HR,Software & IT Services,2025-09-09,2025-09-12,2025-09-13,2025-09-18,1127.56,EUR,Paid
INV01201,V032,Legal,Software & IT Services,2026/03/02,2026-03-05,2026-03-09,2026-03-12,517.87,EUR,Paid
INV01202,V033,HR,Travel,05/06/2026,2026-05-08,2026-05-09,2026-05-16,7013.76,EUR,Paid
INV01203,V023,HR,Office Supplies,2026/05/15,2026-05-17,2026-05-21,2026-05-28,1129.54,EUR,Paid
INV01204,V013,operations,Office Supplies,2026-01-16,2026-01-17,2026-01-29,2026-01-30,1316.08,EUR,Paid
INV01205,V018,Finance,Consulting,2026-02-10,2026-02-14,2026-02-17,2026-02-19,1338.76,EUR,  Paid  
INV01206,V025,IT,Office Supplies,2025-09-15,2025-09-17,2025-09-21,2025-09-25,641.06,EUR,PAID
INV01207,V033,Finance,Travel,2026-04-29,2026-05-03,2026-05-07,2026-05-10,2684.28,EUR,Paid
INV01208,V008,Marketing,Software & IT Services,2026-06-26,2026-06-27,2026-07-04,2026-07-05,232.78,EUR,Paid
INV01209,V005,IT,Facilities,2025-10-21,2025-10-22,2025-10-23,2025-10-29,978.18,EUR,Paid
INV01210,V034,Legal,Office Supplies,2026-01-01,2026-01-03,2026-01-04,2026-01-10,458.45,EUR,Paid
INV01211,V031,HR,Travel,2025-09-28,2025-09-29,2025-10-10,2025-10-17,327.84,EUR,Paid
INV01212,V013,HR,Office Supplies,03/17/2026,2026-03-19,2026-03-20,2026-03-22,508.14,EUR,  Paid  
INV01213,V005,IT,Facilities,2025-11-29,2025-11-30,2025-12-02,2025-12-06,769.74,EUR,Paid
INV01214,V034,HR,Office Supplies,2026-02-09,2026-02-14,2026-02-15,2026-02-17,6452.18,EUR,Paid
INV01215,V034,Legal,Office Supplies,2026-03-02,2026-03-06,2026-03-08,2026-03-13,43.86,EUR,Paid
INV01216,V009,  Finance  ,Professional Services,2026-08-26,2026-08-31,2026-09-04,2026-09-09,399.56,EUR,Paid
INV01217,V036,Marketing,Consulting,2026-06-17,2026-06-21,2026-06-23,2026-06-24,2476.47,EUR,Paid
INV01218,V016,IT,Travel,2026-06-15,2026-06-16,2026-06-20,2026-06-21,127.65,EUR,Paid
INV01219,V033,Operations,Travel,2026-06-04,2026-06-06,2026-06-07,2026-06-09,2361.29,EUR,Paid
INV01220,V037,IT,Software & IT Services,2026-05-09,2026-05-09,2026-05-10,2026-05-11,37.12,EUR,Paid
INV01221,V011,finance,Professional Services,2025-09-28,2025-09-29,2025-10-02,2025-10-06,520.28,EUR,Paid
INV01222,V002,HR,Consulting,2025-12-21,2025-12-21,2025-12-22,2025-12-24,3021.27,EUR,Paid
INV01223,V019,HR,Consulting,2026-05-02,2026-05-02,2026-05-06,2026-05-07,724.52,EUR,Paid
INV01224,V001,Marketing,Professional Services,2026-07-11,2026-07-12,2026-07-20,2026-07-29,950.66,EUR,Paid
INV01225,V006,IT,Software & IT Services,2026-02-21,2026-02-26,2026-03-02,2026-03-05,496.21,EUR,Paid
INV01226,V020,IT,Software & IT Services,2026-02-12,2026-02-12,2026-02-19,2026-02-23,885.7,EUR,Paid
INV01227,V024,Finance,Consulting,2025-11-14,2025-11-18,2025-11-22,2025-11-28,870.52,EUR,Paid
INV01228,V006,Legal,Software & IT Services,2025-11-11,2025-11-11,2025-11-12,2025-11-14,386.31,EUR,Paid
INV01229,V017,HR,CONSULTING,2026-03-05,2026-03-05,2026-04-12,2026-05-23,2438.98,EUR,paid
INV01230,V023,Marketing,Office Supplies,2026-08-26,2026-08-31,2026-09-03,2026-09-08,7876.94,EUR,Paid
INV01231,V009,Operations,PROFESSIONAL SERVICES,2026-06-27,2026-06-27,2026-06-28,2026-06-30,1032.54,EUR,Paid
INV01232,V002,Marketing,Consulting,2026-02-01,2026-02-03,2026-02-06,2026-02-07,1035.29,EUR,Paid
INV01233,V007,IT,Software & IT Services,2025-11-19,2025-11-24,2025-11-30,2025-12-04,175.71,EUR,Paid
INV01234,V023,Operations,Office Supplies,2026-07-24,2026-07-27,2026-07-30,2026-08-06,416.4,EUR,paid
INV01235,V011,LEGAL,Professional Services,2026-02-09,2026-02-10,2026-02-16,2026-02-23,481.93,EUR,Paid
INV01236,V015,Legal,Office Supplies,2026-06-14,2026-06-19,2026-06-21,2026-06-24,630.71,EUR,Paid
INV01237,V005,HR,Facilities,2026-03-01,2026-03-02,2026-03-25,2026-04-30,389.8,EUR,Paid
INV01238,V028,Legal,PROFESSIONAL SERVICES,2026-06-28,2026-06-29,2026-07-01,2026-07-07,306.6,EUR,Paid
INV01239,V023,Operations,Office Supplies,2026-02-04,2026-02-09,2026-02-16,2026-03-02,1315.83,EUR,Paid
INV01240,V034,Legal,Office Supplies,2026-01-28,2026-01-29,2026-02-03,2026-02-14,1406.36,EUR,Paid
INV01241,V028,IT,Professional Services,2025-08-31,2025-09-05,2025-09-16,2025-09-17,971.37,EUR,Paid
INV01242,V010,HR,Consulting,2026-03-19,2026-03-23,2026-03-24,2026-03-30,1745.96,EUR,Paid
INV01243,V010,Finance,Consulting,2025-12-02,2025-12-06,2025-12-07,2025-12-11,851.11,EUR,Paid
INV01244,V030,Marketing,Office Supplies,2026/07/10,2026-07-11,2026-07-14,2026-07-15,2523.28,EUR,Paid
INV01245,V019,LEGAL,Consulting,2026-06-16,2026-06-16,2026-06-24,2026-06-25,957.28,EUR,Paid
INV01246,V035,Operations,Facilities,2025-11-11,2025-11-13,2025-11-20,2025-11-22,648.67,EUR,Paid
INV01247,V037,Legal,Software & IT Services,2025/10/09,2025-10-10,2025-10-12,2025-10-18,5237.6,EUR,paid
INV01248,V040,Marketing,Facilities,2026/02/10,2026-02-11,2026-03-03,2026-05-03,476.53,EUR,Paid
INV01249,V035,Legal,Facilities,2025-10-15,2025-10-20,2025-10-25,2025-10-29,2205.91,EUR,Paid
INV01250,V015,Legal,Office Supplies,2026-07-24,2026-07-29,2026-07-30,2026-07-31,607.76,EUR,Paid
INV01251,V008,Marketing,Software & IT Services,2026-04-16,2026-04-16,2026-04-17,2026-04-19,497.8,EUR,Paid
INV01252,V016,Marketing,Travel,2025-12-16,2025-12-17,2025-12-18,2025-12-24,309.75,EUR,  Paid  
INV01253,V040,Legal,Facilities,2025-10-04,2025-10-06,2025-10-08,2025-10-09,565.72,EUR,Paid
INV01254,V031,Marketing,Travel,2025-10-25,2025-10-30,2025-11-02,2025-11-05,387.15,EUR,Paid
INV01255,V008,Finance,Software & It Services,2025-09-24,2025-09-27,2025-10-03,2025-10-05,904.87,EUR,Paid
INV01256,V037,Operations,Software & IT Services,2026-04-02,2026-04-03,2026-04-05,2026-04-12,310.4,EUR,PAID
INV01257,V021,Operations,Software & IT Services,2026-05-10,2026-05-13,2026-05-16,2026-05-20,72.02,EUR,Paid
INV01258,V018,Marketing,Consulting,2026/06/06,2026-06-09,2026-06-13,2026-06-17,8432.34,EUR,PAID
INV01259,V022,Finance,Office Supplies,2026-05-03,2026-05-07,2026-05-13,2026-05-15,585.35,EUR,Paid
INV01260,V019,Legal,CONSULTING,17-Aug-2026,2026-08-18,2026-08-26,2026-08-30,528.08,EUR,Paid
INV01261,V018,IT,Consulting,2026-04-19,2026-04-19,2026-04-22,2026-04-25,328.92,EUR,Paid
INV01262,V035,Finance,Facilities,2026-01-28,2026-01-28,2026-02-03,2026-02-04,4357.29,EUR,PAID
INV01263,V027,Marketing,Professional Services,2026-01-11,2026-01-11,2026-01-23,2026-01-24,115.87,EUR,Paid
INV01264,V040,Finance,Facilities,2026-02-22,2026-02-23,2026-02-27,2026-03-02,401.8,EUR,Paid
INV01265,V007,Operations,Software & IT Services,2025-11-21,2025-11-26,2025-12-12,2025-12-13,443.61,EUR,Paid
INV01266,V027,Finance,Professional Services,2026-06-07,2026-06-07,2026-06-09,2026-06-12,15998.91,EUR,Paid
INV01267,V031,Marketing,Travel,2026-07-01,2026-07-05,2026-07-06,2026-07-07,1065.89,EUR,Paid
INV01268,V017,Operations,Consulting,2026-08-26,2026-08-26,2026-08-30,2026-08-31,3322.77,EUR,Paid
INV01269,V010,Operations,Consulting,2026-07-31,2026-08-01,2026-08-04,2026-08-06,169.44,EUR,Paid
INV01270,V035,HR,Facilities,2026-04-10,2026-04-11,2026-04-17,2026-04-19,119.13,EUR,Paid
INV01271,V024,Finance,Consulting,2025-10-21,2025-10-23,2025-10-26,2025-10-27,846.77,EUR,Paid
INV01272,V007,It,Software & IT Services,2025-12-06,2025-12-09,2025-12-14,2025-12-16,712.28,EUR,Paid
INV01273,V004,Legal,Professional Services,10-Jun-2026,2026-06-15,2026-06-23,2026-06-24,2155.17,EUR,Paid
INV01274,V036,Legal,Consulting,2026-06-03,2026-06-05,2026-06-15,2026-06-21,3500.8,EUR,Paid
INV01275,V013,Legal,Office Supplies,2026-01-22,2026-01-24,2026-02-02,2026-02-07,800.31,EUR,Paid
INV01276,V031,IT,Travel,2025-10-19,2025-10-19,2025-10-20,2025-10-21,1726.4,EUR,Paid
INV01277,V004,Operations,Professional Services,2026-06-19,2026-06-23,2026-07-01,2026-07-02,4326.09,EUR,Paid
INV01278,V030,Operations,  Office Supplies  ,2025-11-17,2025-11-17,2025-11-24,2025-11-29,2673.27,EUR,Paid
INV01279,V005,Marketing,Facilities,2025-09-01,2025-09-04,2025-09-12,2025-09-24,516.26,EUR,Paid
INV01280,V028,Finance,Professional Services,2026-01-28,2026-02-02,2026-02-06,2026-02-17,327.4,EUR,Paid
INV01281,V003,Legal,Consulting,2026-07-04,2026-07-07,2026-07-11,2026-07-21,544.46,EUR,PAID
INV01282,V020,IT,Software & IT Services,2025-10-19,2025-10-19,2025-10-22,2025-10-25,474.93,EUR,Paid
INV01283,V027,IT,PROFESSIONAL SERVICES,2025-11-26,2025-12-01,2025-12-02,2025-12-03,2203.72,EUR,Paid
INV01284,V014,  Marketing  ,  Consulting  ,2025-10-11,2025-10-14,2025-10-18,2025-10-25,178.12,EUR,  Paid  
INV01285,V032,Finance,Software & IT Services,2026-02-04,2026-02-07,2026-02-14,2026-02-20,991.88,EUR,Paid
INV01286,V039,Operations,Travel,2026-05-08,2026-05-13,2026-05-14,2026-05-17,1122.38,EUR,Paid
INV01287,V026,Marketing,Software & IT Services,2025-10-16,2025-10-21,2025-10-29,2025-11-01,2292.91,EUR,Paid
INV01288,V030,HR,office supplies,2026-03-17,2026-03-18,2026-03-19,2026-03-21,1942.19,EUR,Paid
INV01289,V013,Marketing,Office Supplies,2026-03-14,2026-03-16,2026-03-17,2026-03-18,323.2,EUR,Paid
INV01290,V023,  IT  ,Office Supplies,2026-04-16,,2026-04-21,2026-04-27,491.91,EUR,Paid
INV01291,V037,Marketing,software & it services,2026-04-13,2026-04-16,2026-04-17,2026-04-20,328.53,EUR,Paid
INV01292,V004,  Marketing  ,PROFESSIONAL SERVICES,2025-12-24,2025-12-26,2025-12-29,2026-01-04,307.16,EUR,Paid
INV01293,V006,HR,Software & IT Services,2025-10-01,2025-10-02,2025-10-03,2025-10-11,965.58,EUR,Paid
INV01294,V017,Legal,Consulting,2026-08-07,2026-08-07,2026-08-11,2026-08-14,285.39,EUR,Paid
INV01295,V029,Finance,Professional Services,2026-08-08,2026-08-10,2026-09-18,2026-10-11,79.27,EUR,Paid
INV01296,V017,HR,Consulting,2026-03-30,2026-04-03,2026-04-16,2026-04-20,2990.76,EUR,Paid
INV01297,V032,IT,SOFTWARE & IT SERVICES,2026-06-10,2026-06-10,2026-06-16,2026-06-22,240.86,EUR,Paid
INV01298,V002,Operations,Consulting,2026-05-25,2026-05-28,2026-06-06,2026-07-02,174.67,EUR,Paid
INV01299,V020,HR,Software & IT Services,2026-08-17,2026-08-20,2026-09-01,2026-09-02,517.78,EUR,Paid
INV01300,V017,HR,Consulting,2025-12-29,2026-01-01,2026-01-03,2026-01-04,379.22,EUR,  Paid  
INV01301,V022,Marketing,Office Supplies,2025-10-10,2025-10-13,2025-11-11,2025-12-19,1585.0,EUR,Paid
INV01302,V031,Legal,Travel,2025-09-17,2025-09-21,2025-09-22,2025-09-26,1850.97,EUR,Paid
INV01303,V021,Hr,  Software & IT Services  ,2026-05-22,2026-05-26,2026-05-30,2026-06-01,825.88,EUR,Paid
INV01304,V005,  Legal  ,Facilities,2026-07-14,2026-07-15,2026-07-20,2026-07-23,18945.25,EUR,Paid
INV01305,V036,Finance,Consulting,2026-04-17,2026-04-18,2026-04-23,2026-04-30,436.77,EUR,Paid
INV01306,V007,IT,Software & IT Services,2025-12-17,2025-12-18,2026-01-03,2026-01-05,4134.74,EUR,Paid
INV01307,V005,IT,Facilities,2025-09-21,2025-09-24,2025-10-04,2025-10-09,632.91,EUR,Paid
INV01308,V017,Finance,CONSULTING,2026-08-15,2026-08-18,2026-08-19,2026-08-21,1116.84,EUR,Paid
INV01309,V020,IT,Software & IT Services,2026-07-18,2026-07-19,2026-07-22,2026-07-27,906.99,EUR,Paid
INV01310,V027,HR,professional services,2026-01-10,2026-01-12,2026-01-15,2026-01-17,718.26,EUR,Paid
INV01311,V019,Legal,Consulting,2025-10-04,2025-10-04,2025-10-06,2025-10-13,820.41,EUR,Paid
INV01312,V002,Operations,Consulting,2026-06-11,2026-06-14,2026-06-29,2026-07-02,238.12,EUR,Paid
INV01313,V016,HR,Travel,13-Feb-2026,2026-02-15,2026-02-19,2026-02-22,206.31,EUR,Paid
INV01314,V014,Hr,Consulting,2026-04-22,2026-04-22,2026-04-26,2026-05-01,6462.43,EUR,Paid
INV01315,V027,Legal,Professional Services,2026-07-16,2026-07-20,2026-07-21,2026-07-22,2438.76,EUR,Paid
INV01316,V009,HR,Professional Services,2026-04-02,2026-04-02,2026-04-09,2026-04-11,250.29,EUR,Paid
INV01317,V029,Operations,Professional Services,2025-11-15,2025-11-16,2025-11-17,2025-11-19,1143.26,EUR,Paid
INV01318,V034,HR,OFFICE SUPPLIES,2026-06-28,2026-07-02,2026-07-08,2026-07-09,11627.63,EUR,Paid
INV01319,V039,Finance,Travel,2025-10-24,2025-10-28,2025-10-29,2025-11-05,91.89,EUR,Paid
INV01320,V019,Finance,Consulting,2026-01-24,2026-01-28,2026-01-29,2026-02-03,754.36,EUR,Paid
INV01321,V012,Marketing,Professional Services,2026-03-29,2026-03-31,2026-04-02,2026-04-13,359.15,EUR,Paid
INV01322,V031,Operations,Travel,2026-08-01,2026-08-04,2026-08-05,2026-08-07,12224.8,EUR,Paid
INV01323,V011,HR,Professional Services,2026-07-08,2026-07-11,2026-07-13,2026-07-16,674.69,EUR,Paid
INV01324,V011,Finance,Professional Services,2025-11-27,2025-11-29,2025-12-01,2025-12-05,6504.28,EUR,Paid
INV01325,V037,Operations,Software & IT Services,2025-11-12,2025-11-16,2025-11-25,2025-12-01,552.49,EUR,Paid
INV01326,V036,HR,Consulting,2026-08-14,2026-08-19,2026-08-22,2026-08-24,254.97,EUR,Paid
INV01327,V002,Operations,Consulting,2025-09-19,2025-09-22,2025-10-13,2025-12-08,1602.49,EUR,Paid
INV01328,V020,Marketing,Software & IT Services,2026-08-19,2026-08-20,2026-09-27,2026-11-01,601.33,EUR,Paid
INV01329,V015,finance,Office Supplies,2026-05-01,2026-05-03,2026-05-04,2026-05-05,2428.21,EUR,Paid
INV01330,V034,MARKETING,Office Supplies,2025/09/10,2025-09-12,2025-09-15,2025-09-17,14867.54,EUR,PAID
INV01331,V015,Marketing,Office Supplies,2026-02-06,2026-02-08,2026-02-13,2026-02-14,7872.65,EUR,Paid
INV01332,V021,Operations,Software & IT Services,2026/08/22,2026-08-27,2026-08-30,2026-09-04,927.13,EUR,Paid
INV01333,V019,Finance,Consulting,2025-12-25,2025-12-26,2025-12-27,2025-12-28,100.45,EUR,Paid
INV01334,V032,Marketing,Software & IT Services,2026-04-14,2026-04-16,2026-04-17,2026-04-20,339.6,EUR,Paid
INV01335,V007,marketing,Software & IT Services,2026-04-01,2026-04-05,2026-04-06,2026-04-08,827.25,EUR,Paid
INV01336,V025,Legal,Office Supplies,2025-10-15,2025-10-16,2025-10-17,2025-10-19,534.8,EUR,Paid
INV01337,V028,Operations,Professional Services,2025-12-17,2025-12-20,2025-12-22,2025-12-31,945.34,EUR,Paid
INV01338,V035,Legal,Facilities,2026-05-06,2026-05-10,2026-05-12,2026-05-14,652.36,EUR,Paid
INV01339,V007,Marketing,Software & IT Services,2025-09-28,2025-10-02,2025-10-08,2025-10-11,331.44,EUR,Paid
INV01340,V010,IT,Consulting,2025-10-03,2025-10-05,2025-10-09,2025-10-12,533.71,EUR,Paid
INV01341,V006,  Legal  ,Software & IT Services,2026-05-17,2026-05-20,2026-05-27,2026-06-01,350.04,EUR,  Paid  
INV01342,V012,IT,Professional Services,2026-05-26,2026-05-30,2026-06-08,2026-06-13,247.4,EUR,Paid
INV01343,V026,Finance,Software & IT Services,2025-11-27,2025-11-28,2025-12-01,2025-12-04,1066.4,EUR,Paid
INV01344,V035,IT,Facilities,2025-09-29,2025-09-30,2025-10-08,2025-10-11,829.89,EUR,Paid
INV01345,V028,Finance,Professional Services,2026-04-21,2026-04-21,2026-04-28,2026-04-29,237.07,EUR,Paid
INV01346,V001,Marketing,Professional Services,2026-08-26,2026-08-27,2026-09-02,2026-09-04,78.73,EUR,Paid
INV01347,V040,Marketing,Facilities,2026-03-07,2026-03-10,2026-03-14,2026-03-21,743.17,EUR,Paid
INV01348,V021,HR,Software & IT Services,2026-03-22,2026-03-27,2026-04-02,2026-04-03,205.79,EUR,Paid
INV01349,V002,Finance,Consulting,2026/08/14,2026-08-14,2026-08-20,2026-08-24,1603.65,EUR,Paid
INV01350,V013,IT,Office Supplies,2026-03-09,2026-03-12,2026-03-19,2026-03-20,528.7,EUR,Paid
INV01351,V007,HR,Software & IT Services,2026-04-16,2026-04-17,2026-04-23,2026-04-24,1681.38,EUR,Paid
INV01352,V030,operations,  Office Supplies  ,2026-06-27,2026-07-01,2026-07-04,2026-07-08,732.66,EUR,Paid
INV01353,V033,Marketing,Travel,2026-02-23,2026-02-24,2026-03-02,2026-03-11,306.01,EUR,Paid
INV01354,V017,Marketing,Consulting,18-Aug-2026,2026-08-18,2026-08-22,2026-08-26,1066.61,EUR,Paid
INV01355,V001,Marketing,Professional Services,2025-09-14,2025-09-17,2025-09-21,2025-09-24,2484.1,EUR,Paid
INV01356,V024,Finance,Consulting,2025-11-22,2025-11-26,2025-12-05,2025-12-06,2886.0,EUR,Paid
INV01357,V009,It,professional services,2025-12-22,2025-12-27,2026-01-10,2026-01-11,2991.43,EUR,Paid
INV01358,V010,IT,  Consulting  ,2026-08-12,2026-08-13,2026-08-16,2026-08-22,401.22,EUR,Paid
INV01359,V006,marketing,Software & IT Services,2026-07-30,2026-08-02,2026-08-29,2026-10-06,1990.47,EUR,Paid
INV01360,V040,HR,Facilities,2025-09-10,2025-09-15,2025-09-20,2025-09-21,1085.09,EUR,Paid
INV01361,V034,Finance,Office Supplies,2026-04-30,2026-05-01,2026-05-02,2026-05-03,313.15,EUR,Paid
INV01362,V004,LEGAL,professional services,2025-11-27,2025-12-01,2025-12-07,2025-12-10,511.32,EUR,Paid
INV01363,V021,Finance,Software & IT Services,2025-12-23,2025-12-25,2025-12-27,2025-12-31,743.48,EUR,Paid
INV01364,V015,HR,Office Supplies,2026-02-03,2026-02-08,2026-02-15,2026-02-20,2377.49,EUR,Paid
INV01365,V030,Legal,Office Supplies,2026-07-26,2026-07-28,2026-07-30,2026-08-01,2966.38,EUR,Paid
INV01366,V005,Operations,Facilities,2026-03-11,2026-03-13,2026-03-15,2026-03-16,1889.07,EUR,Paid
INV01367,V038,Operations,Professional Services,2026-01-07,2026-01-08,2026-01-09,2026-01-14,714.43,EUR,Paid
INV01368,V009,Operations,Professional Services,2026-02-01,2026-02-06,2026-02-07,2026-02-09,4723.67,EUR,Paid
INV01369,V014,HR,Consulting,2026-07-16,2026-07-19,2026-08-23,2026-09-06,201.25,EUR,Paid
INV01370,V038,HR,Professional Services,2025-10-22,2025-10-22,2025-11-01,2025-11-03,463.77,EUR,Paid
INV01371,V008,HR,Software & IT Services,2026-08-05,2026-08-07,2026-08-15,2026-08-16,1938.03,EUR,Paid
INV01372,V001,HR,Professional Services,2026-07-28,2026-08-01,2026-08-07,2026-08-20,694.45,EUR,Paid
INV01373,V037,HR,Software & IT Services,2026-01-22,2026-01-24,2026-01-27,2026-01-29,3223.17,EUR,Paid
INV01374,V036,Legal,Consulting,2025-10-25,2025-10-28,2025-11-21,2026-01-04,3233.12,EUR,Paid
INV01375,V034,Finance,office supplies,2026-02-19,2026-02-21,2026-02-22,2026-02-23,457.73,EUR,Paid
INV01376,V020,Legal,SOFTWARE & IT SERVICES,2026-02-13,2026-02-15,2026-02-22,2026-02-27,1474.77,EUR,Paid
INV01377,V038,Marketing,professional services,2026-08-01,2026-08-06,2026-08-08,2026-08-09,175.31,EUR,Paid
INV01378,V020,Legal,Software & IT Services,2026-01-30,2026-01-31,2026-02-08,2026-02-14,10399.52,EUR,Paid
INV01379,V008,IT,software & it services,2026-05-22,2026-05-23,2026-05-25,2026-05-30,650.03,EUR,Paid
INV01380,V023,Finance,Office Supplies,2026-07-04,2026-07-07,2026-07-15,2026-07-16,1537.14,EUR,Paid
INV01381,V011,Legal,Professional Services,2026-02-10,,2026-02-17,2026-02-24,1246.1,EUR,Paid
INV01382,V019,IT,Consulting,2025-09-13,2025-09-18,2025-09-23,2025-09-27,115.0,EUR,PAID
INV01383,V007,Operations,Software & IT Services,2026-01-29,2026-01-31,2026-02-01,2026-02-05,497.13,EUR,Paid
INV01384,V006,Operations,Software & IT Services,2026-03-26,2026-03-29,2026-03-30,2026-03-31,1346.72,EUR,Paid
INV01385,V001,Legal,Professional Services,2025-09-18,2025-09-22,2025-09-24,2025-09-27,244.99,EUR,Paid
INV01386,V017,Legal,Consulting,2026-06-19,2026-06-20,2026-06-24,2026-06-27,181.58,EUR,Paid
INV01387,V004,Marketing,Professional Services,2026-08-31,2026-09-01,2026-09-02,2026-09-14,2995.05,EUR,Paid
INV01388,V025,Legal,Office Supplies,2026-05-31,2026-06-05,2026-06-06,2026-06-07,227.99,EUR,Paid
INV01389,V006,Operations,Software & IT Services,2026-08-09,2026-08-11,2026-08-14,2026-08-17,483.86,EUR,Paid
INV01390,V022,HR,  Office Supplies  ,2026-01-31,2026-02-01,2026-02-02,2026-02-07,97.36,EUR,Paid
INV01391,V017,Legal,Consulting,2026-06-12,2026-06-13,2026-06-14,2026-06-18,316.85,EUR,Paid
INV01392,V020,Marketing,Software & IT Services,2025-10-19,2025-10-22,2025-10-28,2025-10-29,7852.55,EUR,Paid
INV01393,V021,IT,Software & IT Services,2026/01/10,2026-01-15,2026-01-18,2026-01-19,1738.54,EUR,Paid
INV01394,V003,HR,Consulting,2025-12-02,2025-12-07,2025-12-13,2025-12-26,280.04,EUR,Paid
INV01395,V027,Marketing,Professional Services,2026-08-01,2026-08-01,2026-08-05,2026-08-08,1639.4,EUR,Paid
INV01396,V002,IT,  Consulting  ,2026-02-28,2026-03-01,2026-03-05,2026-03-10,1650.04,EUR,Paid
INV01397,V015,Legal,Office Supplies,2026-02-04,2026-02-07,2026-02-14,2026-02-17,279.88,EUR,Paid
INV01398,V002,Marketing,Consulting,2026-03-09,2026-03-11,2026-03-12,2026-03-15,2801.44,EUR,Paid
INV01399,V020,  HR  ,SOFTWARE & IT SERVICES,2026-01-28,2026-01-31,2026-02-01,2026-02-05,585.44,EUR,Paid
INV01400,V033,Finance,Travel,2026-04-28,2026-04-28,2026-05-04,2026-05-10,200.98,EUR,Paid
INV01401,V004,Legal,Professional Services,2026-06-25,2026-06-29,2026-07-08,2026-07-14,880.6,EUR,PAID
INV01402,V029,HR,  Professional Services  ,2025-10-06,2025-10-09,2025-10-14,2025-10-15,1609.45,EUR,Paid
INV01403,V020,IT,Software & IT Services,2026-05-14,2026-05-14,2026-05-17,2026-05-18,1698.12,EUR,Paid
INV01404,V005,Legal,Facilities,2026-03-14,2026-03-18,2026-03-21,2026-03-22,176.83,EUR,Paid
INV01405,V035,Marketing,FACILITIES,2026-03-30,2026-03-30,2026-04-02,2026-04-03,290.74,EUR,Paid
INV01406,V026,IT,Software & IT Services,2025-11-09,2025-11-10,2025-11-13,2025-11-17,723.63,EUR,Paid
INV01407,V006,Marketing,Software & IT Services,2026-03-28,2026-04-01,2026-04-06,2026-04-14,3353.57,EUR,Paid
INV01408,V008,Operations,Software & IT Services,2025-11-12,2025-11-14,2025-11-17,2025-11-28,907.42,EUR,Paid
INV01409,V023,Legal,Office Supplies,2025-12-01,2025-12-01,2025-12-05,2025-12-10,1984.83,EUR,Paid
INV01410,V022,Operations,Office Supplies,2026-02-17,2026-02-22,2026-02-24,2026-02-25,2135.1,EUR,Paid
INV01411,V030,IT,Office Supplies,2026-02-07,2026-02-12,2026-02-13,2026-02-17,1257.33,EUR,Paid
INV01412,V032,Finance,Software & IT Services,2025-09-02,2025-09-05,2025-09-17,2025-09-18,290.32,EUR,PAID
INV01413,V009,Marketing,Professional Services,2025-12-16,2025-12-17,2025-12-22,2025-12-24,1770.96,EUR,Paid
INV01414,V016,HR,Travel,2025-11-20,2025-11-23,2025-11-25,2025-11-26,2475.58,EUR,  Paid  
INV01415,V003,Finance,Consulting,2025-11-05,,2025-11-11,2025-11-12,1763.62,EUR,Paid
INV01416,V013,Operations,Office Supplies,2026-07-21,2026-07-24,2026-07-27,2026-07-28,500.16,EUR,paid
INV01417,V005,Operations,Facilities,2026-04-07,2026-04-10,2026-04-23,2026-04-27,326.6,EUR,Paid
INV01418,V012,Operations,Professional Services,2025-09-02,2025-09-02,2025-09-04,2025-09-09,2510.88,EUR,Paid
INV01419,V012,HR,Professional Services,2025-12-11,2025-12-16,2025-12-20,2025-12-27,100.23,EUR,Paid
INV01420,V008,Marketing,Software & IT Services,2025-09-07,2025-09-09,2025-09-12,2025-09-14,311.15,EUR,Paid
INV01421,V031,HR,Travel,2025-12-06,2025-12-06,2025-12-08,2025-12-13,29488.58,EUR,paid
INV01422,V018,Legal,Consulting,2025-09-02,2025-09-07,2025-09-10,2025-09-13,374.8,EUR,Paid
INV01423,V004,Legal,Professional Services,2026-01-05,2026-01-06,2026-01-10,2026-01-11,1023.51,EUR,Paid
INV01424,V030,Legal,Office Supplies,2026-02-23,2026-02-25,2026-03-12,2026-03-15,181.77,EUR,Paid
INV01425,V040,IT,Facilities,2025-10-22,2025-10-25,2025-11-06,2025-11-11,312.25,EUR,Paid
INV01426,V023,HR,Office Supplies,2026-06-28,2026-06-30,2026-07-06,2026-07-07,158.76,EUR,Paid
INV01427,V009,IT,Professional Services,2025-10-03,,2025-10-07,2025-10-08,273.52,EUR,Paid
INV01428,V011,Marketing,  Professional Services  ,2026/01/26,2026-01-29,2026-02-02,2026-02-06,290.79,EUR,Paid
INV01429,V004,Legal,Professional Services,2026-05-24,2026-05-28,2026-05-29,2026-06-02,456.4,EUR,Paid
INV01430,V023,HR,Office Supplies,2026-02-19,2026-02-22,2026-02-24,2026-03-05,2662.57,EUR,Paid
INV01431,V025,Legal,Office Supplies,2025-11-07,2025-11-09,2025-11-10,2025-11-12,1979.87,EUR,Paid
INV01432,V019,Operations,Consulting,2026-03-02,2026-03-03,2026-03-08,2026-03-14,617.03,EUR,  Paid  
INV01433,V023,IT,Office Supplies,2026-03-25,2026-03-25,2026-04-04,2026-04-11,121.58,EUR,PAID
INV01434,V032,IT,Software & IT Services,23-Dec-2025,2025-12-28,2026-01-05,2026-01-08,2005.37,EUR,Paid
INV01435,V005,IT,Facilities,2025-12-17,2025-12-22,2025-12-23,2025-12-24,461.96,EUR,Paid
INV01436,V022,Finance,Office Supplies,2026-06-28,2026-07-02,2026-07-10,2026-07-14,1091.31,EUR,Paid
INV01437,V035,IT,Facilities,2025-11-02,2025-11-04,2025-11-07,2025-11-08,931.18,EUR,Paid
INV01438,V026,Legal,Software & IT Services,2026-07-30,2026-07-30,2026-08-01,2026-08-06,654.45,EUR,Paid
INV01439,V013,Operations,Office Supplies,24-Jul-2026,2026-07-26,2026-07-27,2026-07-28,855.84,EUR,Paid
INV01440,V017,HR,Consulting,2026-07-16,2026-07-16,2026-07-22,2026-07-26,752.69,EUR,PAID
INV01441,V030,HR,Office Supplies,2025-09-24,2025-09-29,2025-10-04,2025-10-07,202.8,EUR,Paid
INV01442,V033,Finance,Travel,2026-07-31,2026-07-31,2026-08-02,2026-08-06,1393.35,EUR,Paid
INV01443,V033,Finance,Travel,2026-08-19,2026-08-19,2026-08-22,2026-08-26,662.18,EUR,Paid
INV01444,V033,OPERATIONS,Travel,2026-04-15,2026-04-18,2026-04-19,2026-04-22,519.15,EUR,Paid
INV01445,V026,Finance,Software & IT Services,06/07/2026,2026-06-09,2026-06-22,2026-06-23,138.4,EUR,Paid
INV01446,V038,Operations,Professional Services,2026-08-25,2026-08-26,2026-08-27,2026-08-30,813.19,EUR,Paid
INV01447,V023,IT,  Office Supplies  ,2026-08-21,2026-08-26,2026-08-29,2026-09-01,1639.79,EUR,Paid
INV01448,V005,Legal,facilities,2025-09-04,2025-09-06,2025-09-13,2025-09-25,1092.31,EUR,Paid
INV01449,V034,Operations,Office Supplies,2026-08-04,2026-08-04,2026-08-10,2026-08-19,1408.46,EUR,Paid
INV01450,V033,Legal,Travel,2026-05-24,2026-05-26,2026-05-28,2026-06-07,194.52,EUR,Paid
INV01451,V023,HR,Office Supplies,2026-07-07,2026-07-12,2026-07-14,2026-07-19,308.06,EUR,Paid
INV01452,V029,IT,Professional Services,2026-04-02,2026-04-02,2026-04-05,2026-04-07,331.51,EUR,Paid
INV01453,V005,HR,Facilities,2026-07-13,2026-07-13,2026-07-14,2026-07-15,683.75,EUR,Paid
INV01454,V008,Marketing,Software & IT Services,2025-10-28,2025-10-28,2025-11-04,2025-11-08,884.08,EUR,Paid
INV01455,V036,Operations,Consulting,2025-12-10,2025-12-14,2025-12-17,2025-12-28,851.65,EUR,Paid
INV01456,V008,IT,Software & IT Services,2026-01-12,2026-01-16,2026-01-17,2026-01-18,1906.46,EUR,Paid
INV01457,V033,IT,Travel,2026-03-02,2026-03-07,2026-03-13,2026-03-17,1235.55,EUR,Paid
INV01458,V026,Operations,Software & IT Services,2026-01-29,2026-01-30,2026-01-31,2026-02-02,345.42,EUR,Paid
INV01459,V017,Finance,Consulting,2026-06-07,2026-06-10,2026-06-14,2026-06-22,161.14,EUR,  Paid  
INV01460,V031,IT,Travel,2026-08-18,2026-08-21,2026-08-26,2026-08-28,237.2,EUR,Paid
INV01461,V016,Marketing,travel,2025-12-29,2025-12-29,2026-01-17,2026-01-20,608.52,EUR,Paid
INV01462,V012,Finance,Professional Services,2026-08-09,2026-08-09,2026-08-11,2026-08-12,2073.71,EUR,Paid
INV01463,V012,Finance,Professional Services,20-Jun-2026,2026-06-25,2026-06-27,2026-07-05,643.18,EUR,Paid
INV01464,V003,Operations,Consulting,2025-11-15,2025-11-15,2025-11-19,2025-11-23,2017.74,EUR,Paid
INV01465,V019,HR,Consulting,2025-10-08,2025-10-13,2025-10-23,2025-10-27,700.57,EUR,Paid
INV01466,V032,Legal,Software & IT Services,2025-10-21,2025-10-23,2025-11-03,2025-11-07,780.3,EUR,Paid
INV01467,V005,Legal,Facilities,2025-12-27,2025-12-30,2026-01-09,2026-01-12,2122.49,EUR,Paid
INV01468,V031,Marketing,Travel,2026-01-13,2026-01-16,2026-01-17,2026-01-18,34109.46,EUR,Paid
INV01469,V013,Finance,Office Supplies,2025-10-21,2025-10-22,2025-10-27,2025-10-31,2694.67,EUR,Paid
INV01470,V039,Finance,Travel,2026-01-26,2026-01-28,2026-01-31,2026-02-07,2573.21,EUR,Paid
INV01471,V040,Legal,Facilities,2026-02-07,2026-02-10,2026-02-13,2026-02-15,2711.69,EUR,Paid
INV01472,V025,Legal,Office Supplies,2025-10-29,2025-10-29,2025-11-10,2025-11-15,233.15,EUR,Paid
INV01473,V020,Finance,Software & IT Services,2025-09-04,2025-09-05,2025-09-06,2025-09-15,378.05,EUR,Paid
INV01474,V001,Legal,Professional Services,2026-07-28,2026-07-29,2026-08-01,2026-08-04,11611.33,EUR,Paid
INV01475,V038,Marketing,Professional Services,2026-03-02,2026-03-05,2026-04-04,2026-05-26,485.28,EUR,Paid
INV01476,V039,Hr,Travel,2026-01-15,2026-01-20,2026-01-26,2026-01-28,798.17,EUR,Paid
INV01477,V023,Finance,Office Supplies,2026-03-09,2026-03-11,2026-03-17,2026-03-20,1192.07,EUR,Paid
INV01478,V022,IT,Office Supplies,2025-10-28,2025-10-31,2025-11-01,2025-11-04,465.66,EUR,Paid
INV01479,V013,Operations,Office Supplies,2026-04-21,2026-04-23,2026-04-28,2026-04-30,1083.66,EUR,Paid
INV01480,V032,OPERATIONS,  Software & IT Services  ,2026-08-19,2026-08-22,2026-08-25,2026-08-29,704.42,EUR,Paid
INV01481,V023,Operations,Office Supplies,2026-07-29,2026-07-30,2026-08-10,2026-08-14,212.77,EUR,Paid
INV01482,V033,Finance,Travel,2025-11-06,2025-11-11,2025-11-20,2025-11-21,360.63,EUR,Paid
INV01483,V008,Legal,Software & IT Services,2025-09-30,2025-10-01,2025-10-06,2025-10-09,171.9,EUR,Paid
INV01484,V033,Finance,Travel,2026-04-01,2026-04-05,2026-04-18,2026-04-28,763.24,EUR,Paid
INV01485,V001,Operations,Professional Services,2026-06-18,2026-06-23,2026-06-30,2026-07-02,283.34,EUR,Paid
INV01486,V029,Operations,Professional Services,2025-12-01,2025-12-05,2025-12-07,2025-12-08,375.8,EUR,Paid
INV01487,V005,Operations,Facilities,2026-03-02,2026-03-06,2026-03-16,2026-03-17,5230.78,EUR,Paid
INV01488,V032,Finance,Software & IT Services,2026-08-16,2026-08-21,2026-08-23,2026-08-24,1466.02,EUR,  Paid  
INV01489,V021,IT,Software & IT Services,2026-05-05,2026-05-08,2026-05-11,2026-05-12,1489.89,EUR,Paid
INV01490,V029,Finance,Professional Services,2026-03-29,2026-04-01,2026-04-03,2026-04-05,287.32,EUR,Paid
INV01491,V018,Finance,Consulting,2025-10-02,2025-10-04,2025-10-14,2025-10-15,2160.29,EUR,Paid
INV01492,V036,Legal,Consulting,2026/02/07,2026-02-07,2026-02-11,2026-02-13,547.8,EUR,Paid
INV01493,V020,Legal,Software & IT Services,2026-08-13,2026-08-17,2026-08-19,2026-08-24,878.83,EUR,Paid
INV01494,V036,Legal,Consulting,2026-06-22,2026-06-27,2026-06-29,2026-07-01,615.18,EUR,  Paid  
INV01495,V016,HR,Travel,2025-12-23,2025-12-28,2025-12-30,2026-01-09,3118.81,EUR,Paid
INV01496,V018,Marketing,Consulting,2026-05-23,2026-05-27,2026-05-28,2026-05-29,467.19,EUR,Paid
INV01497,V016,Legal,Travel,2026-08-24,2026-08-28,2026-09-02,2026-09-05,508.13,EUR,Paid
INV01498,V003,Finance,Consulting,2026/04/09,2026-04-14,2026-04-17,2026-04-18,3092.29,EUR,Paid
INV01499,V009,Legal,Professional Services,2026-01-05,2026-01-08,2026-01-12,2026-01-18,812.5,EUR,Paid
INV01500,V021,Marketing,Software & IT Services,2026-08-05,2026-08-10,2026-08-27,2026-08-30,2453.05,EUR,Paid
INV01501,V006,legal,Software & IT Services,2026-03-16,2026-03-17,2026-03-22,2026-03-23,1253.84,EUR,paid
INV01502,V021,HR,Software & IT Services,2026-07-10,2026-07-10,2026-08-13,2026-10-03,112.34,EUR,paid
INV01503,V007,Finance,Software & IT Services,2026-07-26,2026-07-27,2026-08-04,2026-08-07,1825.44,EUR,Paid
INV01504,V025,HR,Office Supplies,2026-04-28,2026-05-01,2026-05-08,2026-05-11,558.8,EUR,Paid
INV01505,V002,IT,Consulting,2025-10-08,2025-10-11,2025-10-12,2025-10-16,1099.62,EUR,Paid
INV01506,V011,Marketing,Professional Services,2026-01-01,2026-01-03,2026-01-04,2026-01-07,661.92,EUR,paid
INV01507,V002,marketing,Consulting,2025-09-25,,2025-10-02,2025-10-04,825.88,EUR,Paid
INV01508,V011,IT,PROFESSIONAL SERVICES,2026-06-08,2026-06-13,2026-06-16,2026-06-22,160.89,EUR,Paid
INV01509,V015,Operations,Office Supplies,2026-03-25,2026-03-26,2026-03-29,2026-04-01,812.89,EUR,Paid
INV01510,V016,Finance,TRAVEL,2026-04-23,2026-04-26,2026-04-28,2026-05-06,1281.41,EUR,Paid
INV01511,V007,HR,Software & IT Services,2026-04-17,2026-04-17,2026-05-03,2026-05-04,253.96,EUR,Paid
INV01512,V009,Operations,Professional Services,2026-04-16,2026-04-18,2026-04-24,2026-04-26,934.61,EUR,Paid
INV01513,V006,Finance,Software & IT Services,2026-05-12,2026-05-17,2026-05-25,2026-05-31,822.58,EUR,Paid
INV01514,V007,Legal,Software & IT Services,2025-09-09,2025-09-09,2025-09-16,2025-09-20,56.78,EUR,PAID
INV01515,V026,Operations,Software & IT Services,2026-03-30,2026-03-30,2026-04-04,2026-04-05,1021.9,EUR,Paid
INV01516,V034,HR,Office Supplies,2026-06-08,2026-06-08,2026-06-09,2026-06-14,1755.4,EUR,Paid
INV01517,V005,FINANCE,FACILITIES,2026-07-06,2026-07-10,2026-07-16,2026-07-20,333.87,EUR,Paid
INV01518,V017,Legal,Consulting,2026-02-02,2026-02-06,2026-02-20,2026-02-25,98.93,EUR,Paid
INV01519,V006,HR,software & it services,12/14/2025,2025-12-19,2025-12-24,2025-12-31,876.46,EUR,Paid
INV01520,V003,Legal,Consulting,2026-04-21,2026-04-23,2026-04-28,2026-05-01,880.91,EUR,Paid
INV01521,V013,Marketing,  Office Supplies  ,2025-09-27,2025-09-28,2025-10-08,2025-10-10,911.34,EUR,Paid
INV01522,V014,Operations,Consulting,2026-02-16,2026-02-20,2026-02-21,2026-02-23,416.38,EUR,Paid
INV01523,V013,HR,Office Supplies,2026-07-04,2026-07-07,2026-07-11,2026-07-14,171.29,EUR,PAID
INV01524,V006,Legal,Software & IT Services,2026-08-02,2026-08-04,2026-08-14,2026-08-18,404.89,EUR,Paid
INV01525,V020,Legal,Software & IT Services,2026-04-19,2026-04-19,2026-04-28,2026-05-05,5772.71,EUR,Paid
INV01526,V022,Finance,Office Supplies,2026-08-03,2026-08-04,2026-08-05,2026-08-06,1354.62,EUR,Paid
INV01527,V013,Finance,Office Supplies,2026-02-21,2026-02-23,2026-02-28,2026-03-11,157.71,EUR,Paid
INV01528,V033,Legal,Travel,2026-01-27,2026-01-31,2026-02-05,2026-02-13,4332.55,EUR,Paid
INV01529,V013,HR,Office Supplies,2026-03-10,2026-03-15,2026-03-17,2026-03-19,1899.6,EUR,  Paid  
INV01530,V008,Finance,Software & IT Services,2025-09-23,2025-09-24,2025-09-25,2025-09-26,34.65,EUR,PAID
INV01531,V020,operations,Software & IT Services,2025-11-10,2025-11-15,2025-11-29,2025-11-30,560.81,EUR,Paid
INV01532,V038,Legal,Professional Services,2026-03-28,2026-03-28,2026-03-31,2026-04-04,1768.54,EUR,Paid
INV01533,V033,Marketing,Travel,2026-07-09,2026-07-10,2026-07-13,2026-07-14,784.72,EUR,Paid
INV01534,V023,IT,Office Supplies,2025-10-31,2025-11-03,2025-11-04,2025-11-05,74.51,EUR,PAID
INV01535,V030,IT,Office Supplies,2026-04-22,2026-04-23,2026-04-29,2026-05-05,892.64,EUR,Paid
INV01536,V026,Legal,Software & IT Services,2026-02-20,2026-02-20,2026-02-26,2026-02-27,3050.72,EUR,Paid
INV01537,V004,Operations,Professional Services,2025-09-23,2025-09-28,2025-10-17,2025-10-19,546.55,EUR,Paid
INV01538,V026,Legal,Software & It Services,2026-06-28,2026-06-28,2026-06-30,2026-07-07,386.57,EUR,Paid
INV01539,V030,Operations,Office Supplies,2026-04-22,2026-04-27,2026-05-01,2026-05-02,2220.54,EUR,  Paid  
INV01540,V032,HR,Software & IT Services,2026-05-16,2026-05-17,2026-05-19,2026-05-26,756.36,EUR,Paid
INV01541,V028,Operations,Professional Services,2025-09-02,2025-09-06,2025-09-10,2025-09-12,365.18,EUR,Paid
INV01542,V001,Legal,Professional Services,2025-09-24,2025-09-28,2025-10-02,2025-10-07,239.31,EUR,PAID
INV01543,V024,Operations,Consulting,2026-06-26,2026-06-29,2026-07-06,2026-07-08,1174.7,EUR,PAID
INV01544,V030,Hr,OFFICE SUPPLIES,2025-11-29,2025-12-04,2025-12-08,2025-12-13,2504.02,EUR,Paid
INV01545,V026,HR,Software & IT Services,2025-11-27,2025-12-02,2025-12-03,2025-12-08,358.67,EUR,Paid
INV01546,V012,It,Professional Services,2025-10-23,2025-10-26,2025-10-29,2025-11-02,200.51,EUR,Paid
INV01547,V025,Legal,Office Supplies,2026-07-04,2026-07-08,2026-07-17,2026-07-18,883.82,EUR,Paid
INV01548,V024,Marketing,Consulting,2026-05-16,2026-05-19,2026-05-21,2026-05-24,1300.94,EUR,paid
INV01549,V009,OPERATIONS,Professional Services,2026-07-08,2026-07-13,2026-07-17,2026-07-20,1708.5,EUR,Paid
INV01550,V025,IT,Office Supplies,2026-01-18,2026-01-21,2026-01-31,2026-02-01,559.34,EUR,Paid
INV01551,V015,Marketing,Office Supplies,2026-01-28,2026-01-31,2026-02-15,2026-02-16,331.53,EUR,Paid
INV01552,V012,IT,Professional Services,2025-11-09,2025-11-12,2025-12-18,2026-01-23,182.25,EUR,Paid
INV01553,V013,Hr,office supplies,2026-08-24,2026-08-29,2026-09-11,2026-09-12,476.07,EUR,Paid
INV01554,V014,HR,Consulting,2026-01-31,2026-02-05,2026-02-06,2026-02-07,182.75,EUR,  Paid  
INV01555,V013,HR,Office Supplies,2026-02-07,2026-02-12,2026-02-13,2026-02-16,17040.61,EUR,Paid
INV01556,V001,Legal,Professional Services,2026-06-10,2026-06-15,2026-06-20,2026-06-22,637.25,EUR,Paid
INV01557,V010,IT,Consulting,2025-12-11,2025-12-12,2025-12-14,2025-12-19,421.59,EUR,Paid
INV01558,V022,HR,Office Supplies,2026-08-31,2026-09-02,2026-09-03,2026-09-05,153.4,EUR,Paid
INV01559,V036,Legal,Consulting,2026-02-23,2026-02-28,2026-03-04,2026-03-13,384.27,EUR,Paid
INV01560,V008,IT,  Software & IT Services  ,2026-08-29,2026-09-03,2026-09-05,2026-09-11,651.29,EUR,Paid
INV01561,V002,it,  Consulting  ,2026-05-15,2026-05-19,2026-05-22,2026-05-23,2651.02,EUR,Paid
INV01562,V027,Legal,Professional Services,2026-07-23,2026-07-25,2026-07-27,2026-08-01,4560.19,EUR,Paid
INV01563,V022,Legal,Office Supplies,2025-10-29,2025-10-31,2025-11-07,2025-11-15,2983.53,EUR,Paid
INV01564,V012,HR,PROFESSIONAL SERVICES,2026-05-03,2026-05-07,2026-05-12,2026-05-16,1035.21,EUR,Paid
INV01565,V027,HR,Professional Services,2026-08-07,2026-08-12,2026-08-13,2026-08-23,677.98,EUR,Paid
INV01566,V018,Operations,Consulting,2026-08-11,2026-08-16,2026-08-18,2026-08-20,529.87,EUR,Paid
INV01567,V035,HR,Facilities,2026-01-24,2026-01-27,2026-01-28,2026-02-01,1673.07,EUR,Paid
INV01568,V001,Finance,Professional Services,2026-05-25,2026-05-25,2026-05-30,2026-05-31,4134.11,EUR,Paid
INV01569,V039,FINANCE,Travel,2026-03-14,2026-03-15,2026-03-18,2026-03-24,83.38,EUR,Paid
INV01570,V037,Finance,  Software & IT Services  ,2026-08-09,2026-08-09,2026-08-14,2026-08-24,2161.33,EUR,Paid
INV01571,V030,IT,Office Supplies,2026-01-14,2026-01-15,2026-01-16,2026-01-18,1093.23,EUR,Paid
INV01572,V019,Marketing,Consulting,2026-08-15,2026-08-17,2026-08-30,2026-09-08,333.74,EUR,Paid
INV01573,V035,it,Facilities,2025-10-01,2025-10-06,2025-10-07,2025-10-12,1791.52,EUR,Paid
INV01574,V017,Marketing,Consulting,2025-12-13,2025-12-17,2026-01-21,2026-02-01,552.62,EUR,Paid
INV01575,V023,Finance,Office Supplies,2026-03-02,2026-03-05,2026-03-06,2026-03-09,469.32,EUR,Paid
INV01576,V034,Finance,Office Supplies,2026-07-12,2026-07-17,2026-07-24,2026-07-25,761.16,EUR,  Paid  
INV01577,V012,Legal,Professional Services,2026-06-14,2026-06-15,2026-06-18,2026-06-22,378.1,EUR,Paid
INV01578,V012,Legal,Professional Services,2026-07-28,2026-08-01,2026-08-05,2026-08-06,395.52,EUR,Paid
INV01579,V029,Operations,Professional Services,2025-12-30,2026-01-03,2026-01-06,2026-01-16,227.4,EUR,Paid
INV01580,V012,Legal,PROFESSIONAL SERVICES,2026-01-25,2026-01-30,2026-02-03,2026-02-06,1383.04,EUR,  Paid  
INV01581,V024,Legal,consulting,2025-09-24,2025-09-27,2025-09-30,2025-10-03,1686.84,EUR,Paid
INV01582,V022,Operations,Office Supplies,2026-04-01,2026-04-06,2026-04-10,2026-04-12,217.27,EUR,Paid
INV01583,V040,Marketing,facilities,2026-06-09,2026-06-09,2026-06-18,2026-06-19,445.01,EUR,Paid
INV01584,V022,Finance,Office Supplies,2026-01-06,2026-01-07,2026-01-09,2026-01-10,2226.48,EUR,Paid
INV01585,V006,HR,Software & IT Services,2026-04-14,2026-04-15,2026-05-03,2026-05-08,8387.04,EUR,Paid
INV01586,V013,Legal,Office Supplies,2026-08-26,2026-08-31,2026-09-07,2026-09-08,445.23,EUR,Paid
INV01587,V011,  Legal  ,Professional Services,2026-03-07,2026-03-11,2026-03-16,2026-03-21,21635.34,EUR,Paid
INV01588,V029,HR,Professional Services,2026-07-05,2026-07-06,2026-07-07,2026-07-08,528.16,EUR,  Paid  
INV01589,V039,  Legal  ,Travel,2025-12-08,2025-12-10,2025-12-12,2025-12-21,2421.81,EUR,Paid
INV01590,V004,Operations,Professional Services,2025-11-29,2025-12-04,2025-12-08,2025-12-09,975.17,EUR,Paid
INV01591,V009,Finance,Professional Services,2025-12-04,2025-12-05,2025-12-06,2025-12-07,662.59,EUR,Paid
INV01592,V012,Legal,Professional Services,2026-05-21,2026-05-21,2026-06-30,2026-08-19,1071.03,EUR,Paid
INV01593,V027,Operations,professional services,2025-09-20,2025-09-23,2025-10-03,2025-10-08,8236.87,EUR,Paid
INV01594,V001,Marketing,Professional Services,2026-06-11,2026-06-13,2026-06-17,2026-06-18,1745.16,EUR,Paid
INV01595,V004,IT,Professional Services,2025-11-21,2025-11-25,2025-11-28,2025-12-03,670.82,EUR,Paid
INV01596,V016,Marketing,Travel,2025-09-02,2025-09-04,2025-09-06,2025-09-09,542.38,EUR,Paid
INV01597,V009,Operations,Professional Services,2026-08-29,2026-08-30,2026-09-28,2026-10-03,2088.36,EUR,Paid
INV01598,V034,Finance,Office Supplies,2025-11-17,2025-11-19,2025-11-23,2025-11-29,442.93,EUR,Paid
INV01599,V015,HR,Office Supplies,2025-09-26,2025-10-01,2025-10-03,2025-10-04,390.79,EUR,Paid
INV01600,V008,HR,Software & IT Services,2026-08-04,2026-08-06,2026-08-14,2026-08-16,2018.03,EUR,Paid
INV01601,V018,Operations,Consulting,2026-06-20,2026-06-24,2026-06-30,2026-07-02,591.57,EUR,Paid
INV01602,V017,Marketing,Consulting,2025-10-07,2025-10-12,2025-10-14,2025-10-20,493.47,EUR,Paid
INV01603,V021,Marketing,Software & IT Services,2026/05/27,2026-05-28,2026-05-31,2026-06-01,557.36,EUR,Paid
INV01604,V040,IT,Facilities,2026-05-24,2026-05-24,2026-05-27,2026-06-02,1925.15,EUR,Paid
INV01605,V038,HR,Professional Services,2025-11-20,2025-11-23,2025-11-26,2025-11-27,596.16,EUR,Paid
INV01606,V005,HR,Facilities,2026-06-01,2026-06-04,2026-06-06,2026-06-07,791.85,EUR,Paid
INV01607,V040,finance,Facilities,2026-02-25,2026-02-26,2026-02-27,2026-02-28,1167.67,EUR,Paid
INV01608,V018,IT,Consulting,2026-08-05,2026-08-07,2026-08-12,2026-08-20,2497.7,EUR,Paid
INV01609,V020,Marketing,  Software & IT Services  ,2026-03-03,2026-03-05,2026-03-11,2026-03-17,388.74,EUR,Paid
INV01610,V035,IT,Facilities,2026-07-13,2026-07-17,2026-07-25,2026-07-27,2442.51,EUR,Paid
INV01611,V021,operations,Software & IT Services,2026-06-14,2026-06-19,2026-06-20,2026-06-21,1585.5,EUR,Paid
INV01612,V027,Finance,  Professional Services  ,2025-10-28,2025-11-02,2025-11-05,2025-11-13,585.49,EUR,Paid
INV01613,V028,Marketing,Professional Services,2026-04-16,2026-04-17,2026-04-18,2026-04-23,1516.17,EUR,Paid
INV01614,V022,legal,Office Supplies,2026-07-11,2026-07-15,2026-07-20,2026-07-21,199.47,EUR,Paid
INV01615,V001,IT,Professional Services,2025-09-20,2025-09-25,2025-09-30,2025-10-01,1514.92,EUR,Paid
INV01616,V032,Marketing,SOFTWARE & IT SERVICES,14-Mar-2026,2026-03-14,2026-03-16,2026-03-17,633.39,EUR,Paid
INV01617,V016,Operations,Travel,2026-01-09,2026-01-13,2026-01-18,2026-01-19,600.26,EUR,Paid
INV01618,V020,Legal,Software & IT Services,2026-01-22,2026-01-22,2026-01-25,2026-01-26,4363.08,EUR,Paid
INV01619,V016,HR,Travel,2026-03-10,2026-03-14,2026-03-15,2026-03-22,2456.83,EUR,Paid
INV01620,V022,hr,Office Supplies,2026-04-16,2026-04-19,2026-04-20,2026-04-23,4673.43,EUR,Paid
INV01621,V025,Finance,Office Supplies,2026-01-29,2026-02-03,2026-02-06,2026-02-08,126.17,EUR,Paid
INV01622,V012,IT,Professional Services,11-Feb-2026,2026-02-15,2026-02-18,2026-02-24,3090.89,EUR,Paid
INV01623,V033,Finance,Travel,2025-10-19,2025-10-20,2025-10-21,2025-10-26,1269.26,EUR,Paid
INV01624,V001,HR,Professional Services,2026-05-31,2026-05-31,2026-06-06,2026-06-09,6242.98,EUR,Paid
INV01625,V007,Legal,Software & IT Services,2025-10-03,2025-10-04,2025-10-07,2025-10-13,3036.5,EUR,Paid
INV01626,V028,Legal,PROFESSIONAL SERVICES,2026/07/19,2026-07-20,2026-07-23,2026-07-25,2165.27,EUR,Paid
INV01627,V028,Legal,Professional Services,2026-04-05,2026-04-05,2026-04-08,2026-04-10,1008.97,EUR,Paid
INV01628,V018,IT,Consulting,2026-06-02,2026-06-07,2026-06-15,2026-06-16,584.09,EUR,Paid
INV01629,V031,Legal,Travel,2026-04-10,2026-04-15,2026-04-18,2026-04-19,272.46,EUR,Paid
INV01630,V018,Finance,Consulting,2026-08-17,2026-08-18,2026-08-21,2026-08-24,1484.7,EUR,Paid
INV01631,V035,Finance,Facilities,2026-04-23,2026-04-28,2026-04-29,2026-05-06,24671.22,EUR,  Paid  
INV01632,V029,Marketing,Professional Services,2025-09-19,2025-09-19,2025-09-20,2025-09-21,105.31,EUR,Paid
INV01633,V008,Finance,Software & IT Services,2025-09-27,2025-09-28,2025-10-10,2025-10-15,549.3,EUR,Paid
INV01634,V033,marketing,Travel,2026-06-12,2026-06-12,2026-06-17,2026-06-18,52.1,EUR,Paid
INV01635,V039,HR,Travel,2025-12-25,2025-12-27,2025-12-29,2026-01-02,445.24,EUR,Paid
INV01636,V035,Operations,Facilities,2026-03-17,2026-03-20,2026-03-23,2026-03-24,856.3,EUR,Paid
INV01637,V025,LEGAL,  Office Supplies  ,2026-03-26,2026-03-29,2026-05-08,2026-05-13,330.65,EUR,Paid
INV01638,V002,  Marketing  ,Consulting,2025-09-08,2025-09-11,2025-09-14,2025-09-16,824.16,EUR,Paid
INV01639,V030,  Legal  ,Office Supplies,2025-10-30,2025-11-03,2025-11-13,2025-11-14,152.55,EUR,Paid
INV01640,V007,Finance,Software & IT Services,2026-07-25,2026-07-30,2026-07-31,2026-08-02,274.59,EUR,Paid
INV01641,V029,HR,  Professional Services  ,10/02/2025,2025-10-07,2025-10-10,2025-10-18,419.58,EUR,Paid
INV01642,V035,HR,Facilities,2025-09-23,2025-09-28,2025-09-30,2025-10-02,86.88,EUR,Paid
INV01643,V011,Finance,Professional Services,2026-03-02,2026-03-06,2026-03-10,2026-03-11,868.14,EUR,Paid
INV01644,V011,Finance,  Professional Services  ,2026-01-26,2026-01-31,2026-02-01,2026-02-02,200.12,EUR,Paid
INV01645,V033,MARKETING,Travel,2026-07-07,2026-07-07,2026-07-12,2026-07-14,414.04,EUR,Paid
INV01646,V039,Marketing,Travel,2026-04-12,2026-04-15,2026-04-18,2026-04-21,976.03,EUR,Paid
INV01647,V002,Operations,Consulting,2026-08-04,2026-08-04,2026-08-05,2026-08-10,164.7,EUR,Paid
INV01648,V003,Operations,Consulting,2025-11-19,2025-11-23,2025-11-25,2025-12-01,536.92,EUR,PAID
INV01649,V003,IT,  Consulting  ,2025-11-08,2025-11-13,2025-11-17,2025-11-28,621.49,EUR,Paid
INV01650,V023,Operations,Office Supplies,2026-06-06,2026-06-08,2026-06-11,2026-06-17,5414.46,EUR,Paid
INV01651,V031,Legal,Travel,2025-11-12,2025-11-14,2025-11-15,2025-11-18,992.28,EUR,Paid
INV01652,V037,Legal,SOFTWARE & IT SERVICES,2026-07-28,2026-07-30,2026-08-04,2026-08-05,2607.72,EUR,Paid
INV01653,V032,Finance,Software & IT Services,2026-06-10,2026-06-14,2026-06-16,2026-06-24,186.05,EUR,Paid
INV01654,V035,IT,Facilities,2025-11-02,2025-11-02,2025-11-07,2025-11-08,1338.98,EUR,paid
INV01655,V026,Finance,Software & IT Services,2026-06-20,2026-06-24,2026-06-25,2026-06-28,753.63,EUR,Paid
INV01656,V040,OPERATIONS,facilities,2026-06-02,2026-06-06,2026-06-07,2026-06-14,129.33,EUR,paid
INV01657,V008,Finance,Software & IT Services,2026-02-03,2026-02-04,2026-02-22,2026-02-24,237.12,EUR,Paid
INV01658,V038,legal,Professional Services,2026-02-23,2026-02-24,2026-02-25,2026-03-06,570.81,EUR,Paid
INV01659,V019,Operations,Consulting,2026-07-27,2026-07-31,2026-08-03,2026-08-06,1793.07,EUR,Paid
INV01660,V035,IT,Facilities,2025-11-21,2025-11-22,2025-11-23,2025-11-24,400.77,EUR,Paid
INV01661,V022,IT,Office Supplies,2026-07-12,,2026-07-18,2026-07-23,516.01,EUR,Paid
INV01662,V009,IT,Professional Services,2025-10-28,2025-10-29,2025-10-30,2025-11-03,712.15,EUR,Paid
INV01663,V009,Legal,PROFESSIONAL SERVICES,2026-06-17,2026-06-17,2026-06-18,2026-06-19,1192.72,EUR,Paid
INV01664,V003,HR,Consulting,2026-04-24,2026-04-29,2026-05-07,2026-05-09,179.4,EUR,Paid
INV01665,V009,HR,Professional Services,2025-10-07,2025-10-09,2025-10-11,2025-10-14,255.84,EUR,Paid
INV01666,V037,LEGAL,Software & IT Services,2025-10-04,,2025-10-10,2025-10-15,623.04,EUR,Paid
INV01667,V022,Finance,Office Supplies,2025-12-10,2025-12-15,2025-12-20,2025-12-28,2258.25,EUR,PAID
INV01668,V033,HR,Travel,2026-05-07,2026-05-09,2026-05-14,2026-05-15,799.61,EUR,Paid
INV01669,V029,Marketing,Professional Services,2025-11-04,2025-11-09,2025-11-13,2025-11-16,945.96,EUR,Paid
INV01670,V023,Legal,Office Supplies,2025/12/29,2025-12-29,2026-01-02,2026-01-07,116.19,EUR,Paid
INV01671,V016,Marketing,Travel,2026-07-14,2026-07-14,2026-07-19,2026-07-20,1159.9,EUR,Paid
INV01672,V028,IT,Professional Services,2026-02-09,2026-02-12,2026-02-13,2026-02-14,191.86,EUR,paid
INV01673,V030,  Operations  ,Office Supplies,2026-02-15,2026-02-19,2026-02-28,2026-03-02,1805.45,EUR,Paid
INV01674,V015,Legal,Office Supplies,2026-02-03,2026-02-08,2026-02-22,2026-02-28,298.49,EUR,Paid
INV01675,V031,HR,Travel,2025-11-17,2025-11-21,2025-11-25,2025-11-27,2729.89,EUR,Paid
INV01676,V036,HR,  Consulting  ,2026-03-05,2026-03-07,2026-03-08,2026-03-10,273.76,EUR,Paid
INV01677,V006,Operations,Software & IT Services,2025-11-25,2025-11-25,2025-11-27,2025-11-28,233.17,EUR,Paid
INV01678,V009,Marketing,Professional Services,2026-01-04,2026-01-05,2026-01-19,2026-01-22,200.05,EUR,PAID
INV01679,V025,Legal,Office Supplies,2026-07-25,2026-07-28,2026-08-01,2026-08-10,257.38,EUR,Paid
INV01680,V040,Marketing,Facilities,2026-03-03,2026-03-04,2026-03-31,2026-05-09,220.59,EUR,Paid
INV01681,V039,Legal,Travel,2026-02-16,2026-02-19,2026-02-21,2026-02-23,1146.9,EUR,Paid
INV01682,V010,Operations,Consulting,2026-04-16,2026-04-18,2026-04-26,2026-05-04,1449.93,EUR,Paid
INV01683,V031,Marketing,Travel,2026-05-07,2026-05-11,2026-05-13,2026-05-15,547.62,EUR,PAID
INV01684,V007,Finance,Software & IT Services,2025-11-28,2025-12-03,2025-12-05,2025-12-09,329.76,EUR,Paid
INV01685,V022,HR,Office Supplies,2025-10-11,2025-10-13,2025-10-16,2025-10-22,359.45,EUR,Paid
INV01686,V031,IT,Travel,2026-06-02,2026-06-03,2026-06-08,2026-06-11,249.52,EUR,Paid
INV01687,V013,Marketing,Office Supplies,2026-07-17,2026-07-17,2026-07-19,2026-07-24,173.31,EUR,Paid
INV01688,V002,Legal,Consulting,2025-10-08,2025-10-08,2025-10-12,2025-10-13,1016.05,EUR,Paid
INV01689,V003,HR,Consulting,2026-07-20,2026-07-20,2026-07-30,2026-08-02,394.69,EUR,Paid
INV01690,V040,HR,Facilities,2026-06-23,2026-06-26,2026-06-28,2026-06-29,980.12,EUR,Paid
INV01691,V036,Hr,Consulting,2025-12-17,2025-12-17,2025-12-18,2025-12-24,508.15,EUR,Paid
INV01692,V039,HR,Travel,2026-01-11,2026-01-15,2026-01-17,2026-01-24,5337.37,EUR,Paid
INV01693,V040,HR,Facilities,2026-04-29,2026-05-04,2026-05-06,2026-05-08,660.24,EUR,Paid
INV01694,V012,It,Professional Services,2026-03-06,2026-03-09,2026-03-17,2026-03-24,932.88,EUR,Paid
INV01695,V005,IT,Facilities,2026-06-28,2026-07-03,2026-07-07,2026-07-17,1605.41,EUR,Paid
INV01696,V004,Marketing,  Professional Services  ,2025-11-07,2025-11-10,2025-12-03,2026-02-07,540.67,EUR,Paid
INV01697,V007,HR,Software & IT Services,2026-05-19,2026-05-19,2026-05-24,2026-06-02,422.27,EUR,paid
INV01698,V037,Operations,Software & IT Services,2026-03-05,2026-03-09,2026-03-13,2026-03-14,347.09,EUR,Paid
INV01699,V009,Finance,PROFESSIONAL SERVICES,2026-08-05,2026-08-06,2026-08-09,2026-08-11,3029.92,EUR,Paid
INV01700,V005,hr,Facilities,2026-08-16,2026-08-17,2026-08-26,2026-08-30,1282.03,EUR,Paid
INV01701,V023,HR,Office Supplies,2025-11-10,2025-11-13,2025-11-19,2025-11-22,1096.61,EUR,Paid
INV01702,V001,IT,Professional Services,2025-11-30,2025-12-04,2025-12-16,2025-12-24,2084.62,EUR,PAID
INV01703,V040,HR,Facilities,2026/08/03,2026-08-04,2026-08-08,2026-08-20,1015.65,EUR,Paid
INV01704,V036,Legal,Consulting,2026-05-05,2026-05-07,2026-05-16,2026-05-19,7041.57,EUR,paid
INV01705,V010,Finance,Consulting,2025-12-21,2025-12-24,2025-12-30,2025-12-31,926.67,EUR,Paid
INV01706,V026,IT,SOFTWARE & IT SERVICES,2025-10-02,2025-10-04,2025-10-11,2025-10-20,2210.91,EUR,Paid
INV01707,V031,Marketing,travel,2025-12-28,2025-12-28,2026-02-01,2026-03-20,1377.95,EUR,  Paid  
INV01708,V028,  Legal  ,Professional Services,2025/12/14,2025-12-18,2025-12-26,2025-12-27,893.48,EUR,Paid
INV01709,V026,Marketing,Software & IT Services,2026-03-17,2026-03-20,2026-03-27,2026-03-30,2551.47,EUR,Paid
INV01710,V023,Operations,Office Supplies,2025-09-23,2025-09-23,2025-10-02,2025-10-05,963.97,EUR,Paid
INV01711,V004,Legal,Professional Services,2026/02/12,2026-02-12,2026-02-23,2026-02-25,646.66,EUR,Paid
INV01712,V023,Legal,Office Supplies,2026-05-24,2026-05-29,2026-05-30,2026-05-31,380.97,EUR,Paid
INV01713,V008,Marketing,Software & IT Services,2026-01-12,2026-01-16,2026-01-19,2026-01-21,890.99,EUR,Paid
INV01714,V003,HR,Consulting,2026-06-18,2026-06-19,2026-06-22,2026-07-01,7428.17,EUR,Paid
INV01715,V010,Operations,Consulting,2026-07-31,2026-08-03,2026-08-04,2026-08-05,602.93,EUR,Paid
INV01716,V010,Marketing,Consulting,2026-06-27,2026-07-02,2026-07-05,2026-07-06,6885.14,EUR,Paid
INV01717,V034,Finance,Office Supplies,2026-05-22,2026-05-24,2026-05-26,2026-05-27,1365.33,EUR,Paid
INV01718,V028,Operations,Professional Services,2025-12-23,2025-12-27,2025-12-29,2025-12-31,6491.92,EUR,Paid
INV01719,V003,Operations,Consulting,2026-02-27,2026-03-01,2026-03-03,2026-03-07,720.47,EUR,paid
INV01720,V027,Operations,Professional Services,2026-05-04,2026-05-08,2026-06-08,2026-08-01,698.55,EUR,Paid
INV01721,V033,Finance,Travel,14-May-2026,2026-05-15,2026-05-25,2026-05-28,4487.87,EUR,Paid
INV01722,V001,Operations,Professional Services,2025-11-23,2025-11-24,2025-11-26,2025-11-29,884.25,EUR,Paid
INV01723,V020,Finance,Software & IT Services,2026-05-21,2026-05-26,2026-05-27,2026-05-30,454.57,EUR,Paid
INV01724,V014,Marketing,Consulting,2025-12-17,2025-12-18,2025-12-30,2025-12-31,313.0,EUR,Paid
INV01725,V023,IT,Office Supplies,2025-11-19,2025-11-21,2025-11-23,2025-12-04,4673.72,EUR,Paid
INV01726,V010,HR,Consulting,2025-10-30,2025-11-04,2025-11-05,2025-11-06,1152.12,EUR,paid
INV01727,V005,IT,  Facilities  ,2026-03-31,2026-04-02,2026-04-05,2026-04-08,19855.37,EUR,Paid
INV01728,V002,Legal,Consulting,2025-10-28,2025-10-31,2025-11-01,2025-11-04,912.0,EUR,Paid
INV01729,V026,legal,Software & IT Services,2026-05-03,2026-05-06,2026-05-10,2026-05-20,1608.96,EUR,Paid
INV01730,V012,IT,Professional Services,2026-06-29,2026-06-30,2026-07-05,2026-07-10,203.17,EUR,Paid
INV01731,V025,Legal,Office Supplies,2026-03-29,2026-03-29,2026-04-02,2026-04-09,789.06,EUR,Paid
INV01732,V010,IT,Consulting,2025-09-22,2025-09-23,2025-09-30,2025-10-02,7367.89,EUR,Paid
INV01733,V033,HR,Travel,2026-06-30,2026-07-01,2026-07-05,2026-07-07,1407.81,EUR,Paid
INV01734,V030,IT,Office Supplies,2026-07-19,2026-07-23,2026-07-30,2026-07-31,223.23,EUR,Paid
INV01735,V021,Finance,Software & IT Services,2026-06-20,2026-06-21,2026-06-28,2026-07-03,1076.86,EUR,  Paid  
INV01736,V001,Finance,Professional Services,2025-11-24,2025-11-26,2025-12-02,2025-12-03,487.47,EUR,Paid
INV01737,V013,IT,office supplies,2026-05-22,2026-05-25,2026-06-04,2026-06-06,487.14,EUR,Paid
INV01738,V004,HR,Professional Services,2026-06-15,2026-06-20,2026-06-21,2026-06-23,859.1,EUR,Paid
INV01739,V025,Finance,OFFICE SUPPLIES,2026-08-04,2026-08-06,2026-08-07,2026-08-11,2993.94,EUR,Paid
INV01740,V027,Finance,Professional Services,2025-12-19,2025-12-22,2025-12-29,2026-01-01,786.94,EUR,paid
INV01741,V013,HR,Office Supplies,2026-04-29,2026-05-02,2026-05-05,2026-05-06,1130.86,EUR,Paid
INV01742,V032,IT,Software & IT Services,2025-12-21,2025-12-24,2025-12-26,2025-12-29,4048.59,EUR,PAID
INV01743,V015,HR,Office Supplies,2025-11-12,2025-11-16,2025-11-18,2025-11-19,619.04,EUR,Paid
INV01744,V033,IT,Travel,2026/07/16,2026-07-21,2026-07-22,2026-07-26,1299.19,EUR,Paid
INV01745,V037,HR,Software & IT Services,2026-01-13,2026-01-14,2026-01-15,2026-01-17,2489.27,EUR,Paid
INV01746,V011,Legal,Professional Services,2026-08-17,2026-08-19,2026-08-29,2026-08-31,75.01,EUR,Paid
INV01747,V018,Operations,  Consulting  ,2026-07-02,2026-07-06,2026-07-11,2026-07-12,149.93,EUR,Paid
INV01748,V016,Finance,Travel,2025-12-26,2025-12-29,2026-01-12,2026-01-16,1379.33,EUR,Paid
INV01749,V031,Operations,Travel,2025-11-06,2025-11-06,2025-11-21,2025-11-23,334.15,EUR,Paid
INV01750,V008,Finance,software & it services,2025-12-12,2025-12-16,2025-12-19,2025-12-25,676.48,EUR,Paid
INV01751,V039,HR,Travel,2026-08-16,2026-08-19,2026-08-23,2026-08-25,261.26,EUR,Paid
INV01752,V040,IT,Facilities,2026-07-07,2026-07-07,2026-07-11,2026-07-15,6295.28,EUR,Paid
INV01753,V040,IT,Facilities,2026-05-01,2026-05-05,2026-05-26,2026-05-28,486.91,EUR,Paid
INV01754,V021,HR,Software & IT Services,2025-09-19,2025-09-23,2025-09-25,2025-10-01,6447.07,EUR,Paid
INV01755,V011,Hr,Professional Services,2025-10-30,2025-10-30,2025-11-05,2025-11-10,113.22,EUR,Paid
INV01756,V003,OPERATIONS,Consulting,2026-08-03,2026-08-04,2026-08-08,2026-08-10,386.47,EUR,  Paid  
INV01757,V003,HR,Consulting,2026-06-03,2026-06-03,2026-06-06,2026-06-07,676.24,EUR,Paid
INV01758,V036,Legal,Consulting,2026-07-29,2026-08-01,2026-08-05,2026-08-11,254.67,EUR,Paid
INV01759,V006,HR,Software & IT Services,2026-04-03,2026-04-05,2026-04-09,2026-04-12,2119.34,EUR,Paid
INV01760,V033,Finance,Travel,2026-08-23,,2026-08-30,2026-08-31,465.13,EUR,Paid
INV01761,V033,Operations,Travel,2025-12-26,2025-12-29,2026-01-10,2026-01-13,703.79,EUR,Paid
INV01762,V033,Operations,Travel,2026-02-26,2026-03-02,2026-03-06,2026-03-11,1011.4,EUR,Paid
INV01763,V018,Legal,Consulting,2026-08-22,2026-08-26,2026-09-03,2026-09-04,181.98,EUR,Paid
INV01764,V018,finance,Consulting,2026-04-05,2026-04-06,2026-04-13,2026-04-15,3032.06,EUR,paid
INV01765,V004,Marketing,Professional Services,02-May-2026,2026-05-03,2026-05-06,2026-05-15,242.33,EUR,Paid
INV01766,V010,Finance,Consulting,2026-01-23,2026-01-27,2026-01-28,2026-01-31,438.42,EUR,Paid
INV01767,V027,HR,Professional Services,2026-03-28,2026-03-30,2026-04-19,2026-06-18,81.09,EUR,Paid
INV01768,V025,it,Office Supplies,2025-09-02,2025-09-07,2025-09-08,2025-09-11,151.83,EUR,Paid
INV01769,V010,Legal,Consulting,2025-09-03,2025-09-07,2025-09-15,2025-09-16,1921.37,EUR,Paid
INV01770,V040,HR,Facilities,2025-10-30,2025-11-03,2025-11-13,2025-11-14,313.2,EUR,Paid
INV01771,V032,finance,SOFTWARE & IT SERVICES,2026-03-11,2026-03-16,2026-03-19,2026-03-21,824.41,EUR,Paid
INV01772,V007,IT,SOFTWARE & IT SERVICES,2026-08-18,2026-08-20,2026-08-25,2026-08-28,317.63,EUR,Paid
INV01773,V014,Operations,Consulting,2026-03-04,2026-03-04,2026-03-09,2026-03-11,4342.07,EUR,Paid
INV01774,V015,IT,office supplies,2026-04-06,2026-04-11,2026-04-17,2026-04-24,210.01,EUR,Paid
INV01775,V032,hr,Software & IT Services,2026-01-07,2026-01-09,2026-01-13,2026-01-16,3680.0,EUR,Paid
INV01776,V019,HR,Consulting,2026-04-04,2026-04-08,2026-04-12,2026-04-16,770.55,EUR,Paid
INV01777,V027,Marketing,Professional Services,2026-07-10,2026-07-12,2026-07-14,2026-07-16,7124.59,EUR,Paid
INV01778,V027,Legal,Professional Services,2026-03-22,2026-03-23,2026-03-29,2026-04-01,320.57,EUR,Paid
INV01779,V018,Operations,Consulting,2026-06-09,2026-06-13,2026-06-18,2026-06-19,462.23,EUR,Paid
INV01780,V016,Operations,Travel,2025-11-30,2025-12-02,2025-12-09,2025-12-10,1300.32,EUR,  Paid  
INV01781,V014,HR,consulting,2026/06/11,2026-06-14,2026-06-18,2026-06-20,309.19,EUR,Paid
INV01782,V003,Marketing,Consulting,2026-02-04,2026-02-08,2026-02-17,2026-02-19,248.45,EUR,  Paid  
INV01783,V003,Marketing,Consulting,2026-08-27,2026-08-30,2026-09-05,2026-09-07,1966.97,EUR,Paid
INV01784,V003,Legal,Consulting,2025-11-09,2025-11-14,2025-11-17,2025-11-18,138.53,EUR,Paid
INV01785,V028,finance,Professional Services,2025-12-26,2025-12-29,2025-12-31,2026-01-03,330.26,EUR,Paid
INV01786,V010,Legal,consulting,2025-11-21,2025-11-21,2025-11-29,2025-12-02,157.05,EUR,Paid
INV01787,V039,IT,Travel,2026-05-18,2026-05-21,2026-05-23,2026-05-27,198.59,EUR,Paid
INV01788,V009,Marketing,Professional Services,2026-06-08,2026-06-12,2026-06-17,2026-06-21,904.98,EUR,Paid
INV01789,V002,Legal,Consulting,2026-08-16,2026-08-21,2026-08-30,2026-08-31,708.98,EUR,Paid
INV01790,V028,Finance,Professional Services,2025-11-21,2025-11-24,2025-12-05,2025-12-09,180.93,EUR,Paid
INV01791,V021,Legal,Software & IT Services,2025-09-02,2025-09-02,2025-09-07,2025-09-08,266.6,EUR,Paid
INV01792,V036,IT,Consulting,2026-04-29,2026-05-03,2026-05-10,2026-05-14,253.18,EUR,Paid
INV01793,V030,Operations,Office Supplies,2025-10-15,2025-10-15,2025-10-17,2025-10-18,562.15,EUR,Paid
INV01794,V024,marketing,Consulting,2025-12-22,2025-12-24,2025-12-25,2025-12-27,697.9,EUR,Paid
INV01795,V014,Finance,Consulting,2026-07-08,2026-07-08,2026-07-19,2026-07-25,6406.27,EUR,Paid
INV01796,V013,Legal,Office Supplies,2026-03-15,2026-03-18,2026-04-22,2026-05-27,860.18,EUR,Paid
INV01797,V019,HR,Consulting,2026-08-01,2026-08-05,2026-08-08,2026-08-09,9936.62,EUR,Paid
INV01798,V008,marketing,Software & IT Services,2026-08-30,2026-09-03,2026-09-10,2026-09-11,685.69,EUR,Paid
INV01799,V006,Finance,Software & IT Services,2025-11-28,2025-12-03,2025-12-09,2025-12-10,131.59,EUR,PAID
INV01800,V010,Operations,Consulting,2026-04-12,2026-04-12,2026-04-16,2026-04-24,1226.3,EUR,Paid
INV01801,V023,IT,Office Supplies,2026-08-02,2026-08-06,2026-08-12,2026-08-15,1319.53,EUR,Paid
INV01802,V010,Marketing,Consulting,2025-12-08,2025-12-08,2025-12-10,2025-12-12,206.08,EUR,Paid
INV01803,V038,HR,Professional Services,2026-05-19,2026-05-23,2026-05-25,2026-05-30,1270.29,EUR,Paid
INV01804,V007,Legal,  Software & IT Services  ,2025-12-27,2025-12-31,2026-01-05,2026-01-11,3286.03,EUR,Paid
INV01805,V018,IT,Consulting,2026-08-11,2026-08-11,2026-09-13,2026-10-15,1769.71,EUR,Paid
INV01806,V002,MARKETING,Consulting,2025-12-31,2026-01-05,2026-01-06,2026-01-14,589.66,EUR,Paid
INV01807,V031,Finance,Travel,19-Nov-2025,2025-11-19,2025-11-20,2025-11-24,328.57,EUR,Paid
INV01808,V015,Marketing,Office Supplies,2026-03-23,2026-03-25,2026-04-01,2026-04-03,201.78,EUR,PAID
INV01809,V020,Legal,Software & IT Services,2026-03-21,2026-03-24,2026-03-27,2026-03-30,1189.03,EUR,paid
INV01810,V031,HR,Travel,2025-12-11,2025-12-15,2025-12-18,2025-12-23,373.48,EUR,Paid
INV01811,V019,Finance,Consulting,2026-08-26,2026-08-26,2026-09-04,2026-09-07,2571.58,EUR,paid
INV01812,V034,  Finance  ,Office Supplies,2026-06-08,2026-06-10,2026-06-11,2026-06-15,335.2,EUR,Paid
INV01813,V028,LEGAL,  Professional Services  ,2026-06-13,2026-06-17,2026-06-20,2026-06-28,2549.77,EUR,Paid
INV01814,V029,Marketing,Professional Services,2026-02-24,2026-02-26,2026-03-02,2026-03-06,238.48,EUR,Paid
INV01815,V021,IT,Software & IT Services,2026-07-07,2026-07-08,2026-07-16,2026-07-27,387.42,EUR,Paid
INV01816,V013,Operations,Office Supplies,2026-03-25,2026-03-29,2026-03-31,2026-04-14,678.38,EUR,Paid
INV01817,V011,Finance,Professional Services,2026-01-11,2026-01-12,2026-01-21,2026-01-24,441.84,EUR,Paid
INV01818,V017,Operations,Consulting,2026-05-17,2026-05-17,2026-05-28,2026-05-31,595.65,EUR,Paid
INV01819,V024,HR,Consulting,2025-10-07,2025-10-11,2025-10-13,2025-10-17,207.26,EUR,Paid
INV01820,V032,Marketing,Software & IT Services,2026-02-21,2026-02-21,2026-02-25,2026-03-08,374.0,EUR,Paid
INV01821,V017,HR,Consulting,2026-01-09,2026-01-13,2026-01-18,2026-01-22,398.44,EUR,Paid
INV01822,V004,HR,Professional Services,2026-01-06,2026-01-11,2026-01-12,2026-01-14,477.16,EUR,Paid
INV01823,V008,Operations,  Software & IT Services  ,2026-03-12,2026-03-16,2026-03-17,2026-03-21,403.28,EUR,Paid
INV01824,V028,Operations,Professional Services,2026-01-02,2026-01-04,2026-01-12,2026-01-13,212.36,EUR,  Paid  
INV01825,V026,Operations,Software & IT Services,2026-08-14,2026-08-17,2026-08-22,2026-08-23,399.43,EUR,Paid
INV01826,V020,HR,Software & IT Services,2025-09-14,2025-09-17,2025-09-20,2025-09-22,1108.62,EUR,  Paid  
INV01827,V018,Finance,Consulting,2026-01-10,2026-01-10,2026-02-14,2026-04-02,622.32,EUR,Paid
INV01828,V008,Operations,Software & IT Services,2026-07-21,2026-07-22,2026-07-25,2026-07-27,430.72,EUR,Paid
INV01829,V018,Legal,Consulting,2026-08-25,2026-08-26,2026-08-31,2026-09-12,619.85,EUR,Paid
INV01830,V038,Marketing,Professional Services,03/30/2026,,2026-04-07,2026-04-09,736.48,EUR,  Paid  
INV01831,V022,HR,Office Supplies,2026-06-01,2026-06-01,2026-06-04,2026-06-14,778.29,EUR,Paid
INV01832,V019,Legal,consulting,2026-01-12,2026-01-13,2026-01-21,2026-01-23,877.12,EUR,Paid
INV01833,V022,Marketing,Office Supplies,2025-10-17,2025-10-20,2025-10-23,2025-10-28,1520.77,EUR,Paid
INV01834,V020,Legal,Software & IT Services,2026-02-22,2026-02-22,2026-02-26,2026-02-28,549.83,EUR,Paid
INV01835,V008,HR,Software & IT Services,2025-11-30,2025-12-03,2025-12-06,2025-12-07,507.44,EUR,Paid
INV01836,V038,Marketing,Professional Services,2026-02-28,2026-03-01,2026-03-02,2026-03-14,1551.42,EUR,Paid
INV01837,V040,HR,Facilities,2026-01-15,2026-01-16,2026-01-20,2026-01-21,2046.2,EUR,PAID
INV01838,V021,  Legal  ,Software & IT Services,2026-08-15,2026-08-16,2026-08-19,2026-08-21,1631.94,EUR,Paid
INV01839,V029,Operations,Professional Services,2025-12-11,2025-12-12,2025-12-15,2025-12-23,357.51,EUR,  Paid  
INV01840,V029,Legal,Professional Services,2026-01-01,2026-01-03,2026-01-05,2026-01-06,1404.45,EUR,Paid
INV01841,V010,IT,Consulting,2025-12-26,2025-12-27,2026-01-02,2026-01-03,725.39,EUR,Paid
INV01842,V031,IT,Travel,2026-07-13,2026-07-15,2026-07-21,2026-07-25,512.42,EUR,Paid
INV01843,V023,IT,Office Supplies,2025-10-24,2025-10-24,2025-10-25,2025-10-27,416.64,EUR,Paid
INV01844,V002,Finance,consulting,2026-08-12,2026-08-17,2026-08-25,2026-08-31,978.09,EUR,Paid
INV01845,V032,Operations,Software & IT Services,2026-07-11,2026-07-11,2026-07-17,2026-07-18,737.6,EUR,Paid
INV01846,V006,HR,Software & IT Services,21-Sep-2025,2025-09-24,2025-10-09,2025-10-18,142.47,EUR,paid
INV01847,V007,Marketing,Software & IT Services,2026-07-14,2026-07-16,2026-07-21,2026-07-22,371.78,EUR,Paid
INV01848,V006,Operations,Software & IT Services,2026-06-21,2026-06-23,2026-06-26,2026-07-01,436.84,EUR,Paid
INV01849,V022,Operations,Office Supplies,2025-12-02,2025-12-06,2025-12-08,2025-12-16,463.52,EUR,Paid
INV01850,V008,Marketing,Software & IT Services,2026-03-22,2026-03-23,2026-03-30,2026-03-31,1773.62,EUR,Paid
INV01851,V004,HR,Professional Services,2025-11-04,2025-11-04,2025-11-07,2025-11-14,327.11,EUR,Paid
INV01852,V038,HR,Professional Services,2026-04-04,2026-04-07,2026-04-10,2026-04-12,968.65,EUR,Paid
INV01853,V007,  HR  ,Software & IT Services,2025-09-16,2025-09-20,2025-09-22,2025-09-27,633.83,EUR,Paid
INV01854,V018,Marketing,Consulting,2026-03-20,2026-03-25,2026-04-04,2026-04-11,1168.05,EUR,Paid
INV01855,V036,IT,Consulting,2026-04-22,2026-04-22,2026-04-28,2026-04-29,88.93,EUR,Paid
INV01856,V031,Legal,Travel,2026-05-23,2026-05-26,2026-06-02,2026-06-08,594.13,EUR,Paid
INV01857,V003,Marketing,Consulting,2026-08-18,2026-08-18,2026-08-23,2026-08-28,2487.58,EUR,Paid
INV01858,V028,Finance,Professional Services,2026-08-11,2026-08-12,2026-08-15,2026-08-17,104.24,EUR,Paid
INV01859,V039,OPERATIONS,Travel,2026-06-24,2026-06-24,2026-06-29,2026-07-02,5952.05,EUR,Paid
INV01860,V039,Marketing,Travel,2026-03-04,2026-03-08,2026-03-11,2026-03-15,448.68,EUR,Paid
INV01861,V039,marketing,travel,2025-12-04,2025-12-08,2025-12-14,2025-12-15,2110.13,EUR,Paid
INV01862,V012,MARKETING,Professional Services,2025-12-30,2026-01-01,2026-01-04,2026-01-08,1266.14,EUR,Paid
INV01863,V037,Operations,Software & IT Services,2026-07-10,2026-07-12,2026-07-17,2026-07-18,1998.09,EUR,Paid
INV01864,V037,MARKETING,Software & IT Services,2025-12-03,2025-12-06,2025-12-12,2025-12-17,902.15,EUR,Paid
INV01865,V007,Operations,Software & IT Services,2025-12-16,2025-12-19,2025-12-20,2025-12-24,266.95,EUR,Paid
INV01866,V036,Legal,Consulting,2026-03-09,2026-03-11,2026-03-17,2026-03-21,2853.48,EUR,Paid
INV01867,V032,Operations,SOFTWARE & IT SERVICES,2026-01-21,2026-01-24,2026-01-26,2026-01-27,1233.33,EUR,Paid
INV01868,V021,IT,  Software & IT Services  ,2026-06-19,2026-06-20,2026-06-27,2026-06-30,1243.24,EUR,Paid
INV01869,V017,HR,Consulting,2026-08-17,2026-08-18,2026-08-20,2026-08-28,5916.92,EUR,Paid
INV01870,V033,Finance,Travel,2026-01-16,2026-01-17,2026-01-18,2026-01-23,230.15,EUR,Paid
INV01871,V007,HR,Software & IT Services,2026-04-09,2026-04-12,2026-04-19,2026-04-24,1389.36,EUR,Paid
INV01872,V005,IT,Facilities,11/13/2025,2025-11-18,2025-11-21,2025-11-22,236.26,EUR,Paid
INV01873,V023,IT,Office Supplies,2026-04-30,2026-04-30,2026-05-01,2026-05-07,225.0,EUR,Paid
INV01874,V011,IT,Professional Services,2026-04-03,2026-04-06,2026-04-09,2026-04-10,547.92,EUR,Paid
INV01875,V014,IT,consulting,2026-07-19,2026-07-23,2026-07-25,2026-07-28,437.2,EUR,Paid
INV01876,V010,HR,Consulting,2026-02-08,2026-02-11,2026-03-16,2026-05-11,2832.32,EUR,Paid
INV01877,V006,Marketing,Software & IT Services,2026-01-06,2026-01-10,2026-01-16,2026-01-21,854.37,EUR,Paid
INV01878,V004,HR,Professional Services,2025-09-24,2025-09-27,2025-10-01,2025-10-04,984.72,EUR,Paid
INV01879,V031,Finance,Travel,2026-08-19,2026-08-20,2026-08-24,2026-08-25,3620.29,EUR,Paid
INV01880,V006,Finance,Software & IT Services,2025-12-19,,2025-12-24,2025-12-25,3129.49,EUR,Paid
INV01881,V033,Operations,  Travel  ,2026-07-19,2026-07-19,2026-07-23,2026-07-24,1141.0,EUR,Paid
INV01882,V031,Operations,  Travel  ,2026-02-18,2026-02-20,2026-03-18,2026-05-02,276.19,EUR,Paid
INV01883,V012,  Marketing  ,professional services,2026-03-03,2026-03-07,2026-03-10,2026-03-14,726.99,EUR,Paid
INV01884,V011,HR,PROFESSIONAL SERVICES,2026-01-09,2026-01-11,2026-01-15,2026-01-18,575.75,EUR,Paid
INV01885,V039,Finance,Travel,03/29/2026,2026-03-29,2026-03-31,2026-04-02,164.87,EUR,Paid
INV01886,V013,Marketing,Office Supplies,2026-08-13,2026-08-17,2026-08-18,2026-08-19,2728.82,EUR,Paid
INV01887,V031,IT,TRAVEL,2026-06-22,2026-06-26,2026-06-28,2026-07-03,95.34,EUR,Paid
INV01888,V008,Legal,Software & IT Services,2026-07-29,2026-08-02,2026-08-03,2026-08-08,2605.88,EUR,Paid
INV01889,V032,IT,Software & IT Services,2026-01-23,2026-01-25,2026-01-26,2026-02-09,428.41,EUR,Paid
INV01890,V001,Marketing,Professional Services,2026-08-10,2026-08-14,2026-08-15,2026-08-17,1388.04,EUR,Paid
INV01891,V014,Operations,consulting,2026-04-16,2026-04-16,2026-04-19,2026-04-25,277.59,EUR,Paid
INV01892,V002,Operations,Consulting,2026-07-11,2026-07-13,2026-07-21,2026-07-28,141.75,EUR,Paid
INV01893,V038,Operations,Professional Services,2026-07-20,2026-07-21,2026-07-26,2026-07-31,171.8,EUR,Paid
INV01894,V033,It,Travel,2026-07-24,2026-07-26,2026-07-29,2026-07-30,708.99,EUR,Paid
INV01895,V039,Operations,Travel,2026-07-20,2026-07-24,2026-07-31,2026-08-02,2222.36,EUR,Paid
INV01896,V038,HR,Professional Services,2026-03-26,2026-03-26,2026-03-31,2026-04-03,1690.15,EUR,Paid
INV01897,V019,Finance,Consulting,2025-11-21,2025-11-23,2025-11-25,2025-11-30,522.2,EUR,Paid
INV01898,V028,IT,Professional Services,2026-02-07,2026-02-09,2026-02-10,2026-02-14,284.52,EUR,Paid
INV01899,V011,Legal,Professional Services,2026-01-27,2026-02-01,2026-02-14,2026-02-18,2011.56,EUR,Paid
INV01900,V013,MARKETING,Office Supplies,2026-07-06,2026-07-11,2026-07-17,2026-07-20,656.39,EUR,Paid
INV01901,V001,Operations,Professional Services,2026-01-16,2026-01-19,2026-01-22,2026-01-26,240.55,EUR,Paid
INV01902,V021,MARKETING,Software & IT Services,2026-06-27,2026-07-01,2026-07-13,2026-07-17,255.7,EUR,Paid
INV01903,V023,Operations,Office Supplies,2026-03-30,2026-03-31,2026-04-08,2026-04-13,112.55,EUR,Paid
INV01904,V007,IT,Software & IT Services,2025-09-11,2025-09-12,2025-09-15,2025-09-22,675.0,EUR,Paid
INV01905,V018,Legal,Consulting,2025-12-29,2026-01-03,2026-01-06,2026-01-17,1890.5,EUR,Paid
INV01906,V021,Marketing,Software & IT Services,2026-08-24,2026-08-29,2026-08-31,2026-09-01,1159.63,EUR,Paid
INV01907,V015,Finance,Office Supplies,2025-12-16,2025-12-17,2025-12-24,2025-12-25,681.97,EUR,Paid
INV01908,V002,Operations,Consulting,2025-10-22,2025-10-22,2025-11-19,2025-12-09,1977.16,EUR,Paid
INV01909,V040,Finance,Facilities,2026-04-30,2026-05-04,2026-05-09,2026-05-11,9129.45,EUR,Paid
INV01910,V011,Finance,Professional Services,2025-09-13,2025-09-16,2025-09-20,2025-09-21,1440.59,EUR,Paid
INV01911,V018,HR,Consulting,2025-10-12,2025-10-12,2025-10-15,2025-10-16,4901.85,EUR,Paid
INV01912,V014,Marketing,Consulting,2026-07-13,2026-07-14,2026-07-21,2026-07-24,319.78,EUR,Paid
INV01913,V015,Finance,Office Supplies,2026-08-01,2026-08-04,2026-08-09,2026-08-12,1854.07,EUR,Paid
INV01914,V021,MARKETING,Software & IT Services,2025-12-26,2025-12-27,2025-12-31,2026-01-02,102.13,EUR,Paid
INV01915,V010,Legal,Consulting,2026-01-23,2026-01-26,2026-01-30,2026-02-01,3511.4,EUR,Paid
INV01916,V023,Legal,Office Supplies,2025-11-03,2025-11-04,2025-11-09,2025-11-11,426.7,EUR,Paid
INV01917,V033,HR,Travel,2025-11-26,2025-11-26,2025-11-29,2025-11-30,1657.5,EUR,Paid
INV01918,V025,Finance,Office Supplies,2026-08-05,2026-08-07,2026-08-13,2026-08-22,4365.16,EUR,Paid
INV01919,V017,Marketing,Consulting,2026-05-01,2026-05-04,2026-05-13,2026-05-15,177.94,EUR,paid
INV01920,V002,HR,Consulting,2026-01-17,2026-01-21,2026-01-25,2026-01-31,838.59,EUR,Paid
INV01921,V005,OPERATIONS,Facilities,2025-11-08,2025-11-13,2025-11-19,2025-11-21,4471.77,EUR,Paid
INV01922,V027,HR,PROFESSIONAL SERVICES,2025-11-29,2025-12-03,2025-12-06,2025-12-08,918.86,EUR,Paid
INV01923,V037,HR,Software & IT Services,2026-04-21,2026-04-26,2026-05-09,2026-05-10,1535.79,EUR,Paid
INV01924,V007,Legal,Software & IT Services,2026-07-22,2026-07-26,2026-07-27,2026-08-01,3279.03,EUR,Paid
INV01925,V006,Operations,Software & IT Services,2026-05-26,2026-05-31,2026-06-02,2026-06-08,4247.81,EUR,Paid
INV01926,V015,Legal,Office Supplies,2026-05-31,2026-06-02,2026-06-08,2026-06-10,3054.62,EUR,Paid
INV01927,V034,MARKETING,Office Supplies,2026-05-04,2026-05-08,2026-05-09,2026-05-14,461.38,EUR,Paid
INV01928,V021,IT,Software & IT Services,2025/10/15,2025-10-18,2025-10-25,2025-11-02,2845.87,EUR,Paid
INV01929,V019,marketing,  Consulting  ,2026-03-06,2026-03-09,2026-03-14,2026-03-15,888.89,EUR,Paid
INV01930,V031,Marketing,Travel,2025-11-18,2025-11-20,2025-11-25,2025-11-29,1128.86,EUR,Paid
INV01931,V014,Finance,Consulting,2025-08-31,2025-09-04,2025-09-12,2025-09-15,1239.67,EUR,Paid
INV01932,V009,IT,Professional Services,2026-02-23,2026-02-25,2026-03-02,2026-03-05,984.52,EUR,Paid
INV01933,V005,Operations,facilities,2026-05-31,2026-05-31,2026-06-01,2026-06-04,169.25,EUR,Paid
INV01934,V025,Legal,Office Supplies,2026-05-09,2026-05-12,2026-05-17,2026-05-19,665.37,EUR,Paid
INV01935,V021,Marketing,Software & IT Services,2025-09-04,2025-09-07,2025-09-14,2025-09-16,962.44,EUR,Paid
INV01936,V029,Marketing,Professional Services,2026-07-02,2026-07-03,2026-07-11,2026-07-16,1570.5,EUR,Paid
INV01937,V008,Finance,Software & IT Services,2026-06-07,2026-06-09,2026-06-13,2026-06-15,568.31,EUR,Paid
INV01938,V009,IT,Professional Services,2026-03-29,2026-04-02,2026-04-06,2026-04-07,1168.23,EUR,Paid
INV01939,V028,Operations,Professional Services,2026-03-21,2026-03-22,2026-03-24,2026-03-30,2478.74,EUR,Paid
INV01940,V026,IT,Software & It Services,2026-07-27,2026-07-30,2026-07-31,2026-08-01,1241.34,EUR,Paid
INV01941,V026,Operations,Software & IT Services,2025-12-21,2025-12-23,2025-12-26,2025-12-29,10708.23,EUR,Paid
INV01942,V026,Finance,Software & IT Services,2026-04-04,2026-04-09,2026-04-10,2026-04-19,680.23,EUR,Paid
INV01943,V012,IT,Professional Services,2026-05-22,2026-05-26,2026-06-29,2026-08-08,75.45,EUR,Paid
INV01944,V015,Legal,Office Supplies,2026-08-16,2026-08-18,2026-08-30,2026-09-04,124.02,EUR,Paid
INV01945,V035,Marketing,Facilities,2026-07-29,2026-08-03,2026-08-14,2026-08-16,3305.56,EUR,Paid
INV01946,V006,HR,Software & IT Services,2026-01-15,2026-01-18,2026-01-19,2026-01-23,499.47,EUR,Paid
INV01947,V006,IT,Software & IT Services,2025-10-05,2025-10-06,2025-10-12,2025-10-16,265.89,EUR,  Paid  
INV01948,V021,it,Software & IT Services,2026-01-26,2026-01-26,2026-02-17,2026-03-26,373.06,EUR,Paid
INV01949,V027,Legal,Professional Services,2026-04-21,2026-04-25,2026-05-01,2026-05-05,2195.12,EUR,Paid
INV01950,V033,Operations,travel,2026-01-17,2026-01-22,2026-01-27,2026-01-30,579.32,EUR,Paid
INV01951,V025,HR,Office Supplies,2026-05-09,2026-05-10,2026-05-16,2026-05-17,1574.08,EUR,Paid
INV01952,V020,Marketing,Software & IT Services,2025-09-09,2025-09-10,2025-09-13,2025-09-16,278.72,EUR,Paid
INV01953,V020,Finance,Software & IT Services,2026-05-31,2026-05-31,2026-06-01,2026-06-04,1541.04,EUR,Paid
INV01954,V012,IT,Professional Services,2025-10-22,2025-10-24,2025-10-28,2025-10-31,122.82,EUR,PAID
INV01955,V040,Marketing,Facilities,2025-11-03,2025-11-08,2025-11-10,2025-11-12,233.6,EUR,Paid
INV01956,V027,Operations,Professional Services,2025-09-04,2025-09-05,2025-09-07,2025-09-14,371.23,EUR,Paid
INV01957,V015,Finance,OFFICE SUPPLIES,2025-11-16,2025-11-16,2025-11-26,2025-11-27,424.96,EUR,Paid
INV01958,V030,Operations,Office Supplies,2025-12-20,2025-12-22,2026-01-02,2026-01-03,1266.21,EUR,Paid
INV01959,V002,Operations,Consulting,06-Feb-2026,2026-02-09,2026-03-12,2026-04-06,4246.58,EUR,Paid
INV01960,V022,Marketing,Office Supplies,2026-04-25,2026-04-30,2026-05-01,2026-05-02,624.92,EUR,Paid
INV01961,V030,Finance,Office Supplies,2026-02-16,2026-02-16,2026-02-25,2026-03-03,541.22,EUR,Paid
INV01962,V017,IT,Consulting,2025-09-28,2025-09-30,2025-10-07,2025-10-10,422.48,EUR,Paid
INV01963,V002,Operations,Consulting,2025-10-06,2025-10-10,2025-10-16,2025-10-21,1564.49,EUR,Paid
INV01964,V029,Operations,Professional Services,2025-12-01,2025-12-02,2025-12-03,2025-12-14,3780.6,EUR,Paid
INV01965,V024,Marketing,Consulting,2026-03-14,2026-03-14,2026-03-22,2026-03-24,232.8,EUR,Paid
INV01966,V007,Finance,  Software & IT Services  ,2026-08-31,2026-09-01,2026-09-06,2026-09-09,2911.07,EUR,Paid
INV01967,V039,operations,Travel,2026-04-14,2026-04-15,2026-04-25,2026-04-27,309.73,EUR,Paid
INV01968,V018,Legal,Consulting,2025-09-17,2025-09-18,2025-09-21,2025-09-23,1472.29,EUR,Paid
INV01969,V032,Operations,  Software & IT Services  ,2025-10-18,2025-10-22,2025-11-02,2025-11-04,451.96,EUR,Paid
INV01970,V038,Legal,Professional Services,15-Dec-2025,2025-12-18,2025-12-22,2025-12-29,995.23,EUR,Paid
INV01971,V034,Operations,Office Supplies,2026/08/14,2026-08-16,2026-08-21,2026-08-22,154.97,EUR,Paid
INV01972,V018,Marketing,Consulting,2025-11-20,2025-11-25,2025-11-27,2025-11-29,1784.96,EUR,Paid
INV01973,V022,Legal,Office Supplies,2025-09-21,2025-09-26,2025-10-05,2025-10-09,1183.95,EUR,Paid
INV01974,V035,HR,Facilities,2026-05-24,2026-05-24,2026-05-25,2026-06-08,3000.13,EUR,Paid
INV01975,V016,MARKETING,Travel,2026-05-04,2026-05-09,2026-05-12,2026-05-13,478.79,EUR,Paid
INV01976,V040,marketing,Facilities,2025-12-10,2025-12-12,2025-12-19,2025-12-28,392.49,EUR,Paid
INV01977,V025,Finance,Office Supplies,2026-08-07,2026-08-08,2026-08-17,2026-08-18,517.77,EUR,Paid
INV01978,V012,Finance,Professional Services,2025-12-29,2026-01-03,2026-01-05,2026-01-07,286.81,EUR,Paid
INV01979,V003,Operations,Consulting,2026-02-13,2026-02-13,2026-02-16,2026-02-17,504.13,EUR,Paid
INV01980,V016,IT,Travel,2026-01-19,2026-01-23,2026-01-29,2026-02-01,414.76,EUR,Paid
INV01981,V010,Finance,Consulting,2026-03-21,2026-03-22,2026-03-31,2026-04-06,592.22,EUR,Paid
INV01982,V030,Finance,Office Supplies,2025-09-21,2025-09-25,2025-10-02,2025-10-05,229.29,EUR,Paid
INV01983,V034,Legal,office supplies,2026-05-01,2026-05-06,2026-05-08,2026-05-09,1031.07,EUR,PAID
INV01984,V024,HR,Consulting,2025/11/18,2025-11-20,2025-11-22,2025-12-01,1214.93,EUR,Paid
INV01985,V013,Finance,OFFICE SUPPLIES,2026-01-05,2026-01-06,2026-01-17,2026-01-21,1062.48,EUR,Paid
INV01986,V008,Operations,Software & IT Services,2025-10-16,2025-10-21,2025-10-24,2025-10-28,1379.23,EUR,PAID
INV01987,V014,HR,Consulting,2026-02-20,2026-02-25,2026-03-16,2026-03-21,4247.74,EUR,Paid
INV01988,V028,Finance,Professional Services,2025-09-30,2025-10-02,2025-10-06,2025-10-07,3216.08,EUR,Paid
INV01989,V017,Legal,Consulting,2025-11-17,2025-11-22,2025-11-28,2025-11-30,471.27,EUR,Paid
INV01990,V034,HR,Office Supplies,2025-10-24,2025-10-25,2025-10-28,2025-10-31,2768.63,EUR,Paid
INV01991,V028,Operations,Professional Services,2025-12-28,2025-12-30,2025-12-31,2026-01-02,145.92,EUR,Paid
INV01992,V029,HR,Professional Services,2026-07-27,2026-07-29,2026-08-01,2026-08-03,803.92,EUR,Paid
INV01993,V014,Operations,Consulting,2025-12-07,2025-12-07,2025-12-10,2025-12-17,74.45,EUR,Paid
INV01994,V013,Legal,Office Supplies,2026-03-12,2026-03-14,2026-03-27,2026-03-28,760.92,EUR,  Paid  
INV01995,V035,Legal,Facilities,2025-11-07,2025-11-09,2025-11-16,2025-11-20,704.83,EUR,Paid
INV01996,V001,Finance,Professional Services,2026-05-06,2026-05-11,2026-05-12,2026-05-16,1699.64,EUR,Paid
INV01997,V002,Operations,Consulting,2026-06-13,2026-06-15,2026-06-21,2026-06-25,1259.46,EUR,Paid
INV01998,V040,HR,Facilities,2026-08-22,2026-08-25,2026-08-29,2026-09-03,1399.29,EUR,Paid
INV01999,V016,It,Travel,2026-06-17,2026-06-18,2026-06-19,2026-06-21,593.47,EUR,Paid
INV02000,V015,HR,Office Supplies,2026-02-25,2026-02-27,2026-03-01,2026-03-04,17110.17,EUR,Paid
INV02001,V020,Legal,Software & IT Services,2026-04-27,2026-04-29,2026-05-04,2026-05-05,1714.72,EUR,  Paid  
INV02002,V030,HR,Office Supplies,2026-06-10,2026-06-11,2026-06-15,2026-06-18,193.42,EUR,Paid
INV02003,V032,Finance,Software & IT Services,2026-05-29,2026-05-30,2026-07-08,2026-08-01,794.72,EUR,Paid
INV02004,V004,Operations,Professional Services,2026/01/29,2026-01-31,2026-02-01,2026-02-06,584.97,EUR,Paid
INV02005,V038,Hr,Professional Services,2026-03-06,2026-03-09,2026-03-12,2026-03-13,3081.78,EUR,Paid
INV02006,V010,Finance,Consulting,2026-07-23,2026-07-27,2026-08-05,2026-08-07,8326.2,EUR,Paid
INV02007,V034,Operations,Office Supplies,2025-12-03,2025-12-03,2025-12-14,2025-12-17,1339.76,EUR,  Paid  
INV02008,V027,HR,Professional Services,2026-03-05,2026-03-09,2026-03-12,2026-03-17,38.26,EUR,Paid
INV02009,V028,IT,professional services,2026-02-11,2026-02-16,2026-02-20,2026-02-23,108.75,EUR,Paid
INV02010,V036,finance,Consulting,2026-08-03,2026-08-07,2026-08-08,2026-08-10,3295.79,EUR,Paid
INV02011,V020,Operations,Software & IT Services,2025-12-06,2025-12-10,2025-12-11,2025-12-12,668.0,EUR,Paid
INV02012,V024,Legal,Consulting,2026-05-12,2026-05-16,2026-05-19,2026-05-21,54.85,EUR,Paid
INV02013,V020,IT,Software & IT Services,2026-07-10,2026-07-12,2026-07-20,2026-07-25,523.92,EUR,PAID
INV02014,V002,Marketing,Consulting,2026-03-28,2026-04-02,2026-04-12,2026-04-14,557.56,EUR,Paid
INV02015,V007,Marketing,Software & IT Services,2025-10-26,2025-10-26,2025-10-31,2025-11-01,6399.59,EUR,Paid
INV02016,V032,HR,Software & IT Services,2026-08-03,2026-08-03,2026-08-09,2026-08-16,165.66,EUR,  Paid  
INV02017,V002,finance,CONSULTING,2025-11-05,2025-11-06,2025-11-07,2025-11-16,537.44,EUR,Paid
INV02018,V004,Finance,Professional Services,2025-12-12,2025-12-12,2025-12-14,2025-12-16,211.22,EUR,Paid
INV02019,V011,Operations,Professional Services,12/07/2025,2025-12-07,2025-12-13,2025-12-14,367.8,EUR,Paid
INV02020,V020,Finance,Software & IT Services,2026-06-19,2026-06-24,2026-07-05,2026-07-17,491.39,EUR,Paid
INV02021,V026,Operations,Software & IT Services,2026-08-02,2026-08-05,2026-08-10,2026-08-13,273.75,EUR,  Paid  
INV02022,V003,HR,Consulting,2026-07-16,2026-07-21,2026-07-25,2026-07-26,549.5,EUR,Paid
INV02023,V006,HR,Software & IT Services,2026-01-09,2026-01-09,2026-01-13,2026-01-18,964.41,EUR,Paid
INV02024,V010,Marketing,Consulting,2025-12-22,2025-12-26,2025-12-28,2025-12-29,1444.68,EUR,Paid
INV02025,V021,Legal,Software & IT Services,2025-10-06,2025-10-06,2025-10-13,2025-10-14,500.05,EUR,Paid
INV02026,V039,IT,Travel,2026/08/01,2026-08-04,2026-08-16,2026-08-24,837.92,EUR,  Paid  
INV02027,V001,Finance,Professional Services,2026-04-27,2026-05-02,2026-05-05,2026-05-18,743.68,EUR,Paid
INV02028,V019,Finance,CONSULTING,2026-03-03,2026-03-07,2026-03-08,2026-03-13,1761.79,EUR,Paid
INV02029,V011,Legal,Professional Services,2026-03-31,2026-04-02,2026-04-03,2026-04-04,638.29,EUR,Paid
INV02030,V036,Legal,Consulting,2025/09/29,2025-10-03,2025-10-28,2025-11-28,5563.82,EUR,Paid
INV02031,V019,MARKETING,Consulting,2026-05-28,2026-05-28,2026-06-05,2026-06-09,3620.68,EUR,Paid
INV02032,V026,Legal,Software & IT Services,2025-10-06,2025-10-08,2025-10-14,2025-10-15,648.42,EUR,Paid
INV02033,V022,Finance,Office Supplies,2025-12-19,2025-12-23,2025-12-29,2026-01-05,1286.54,EUR,Paid
INV02034,V012,Finance,Professional Services,2025-10-21,2025-10-26,2025-10-28,2025-10-29,174.24,EUR,Paid
INV02035,V011,IT,Professional Services,2026-05-30,2026-06-02,2026-06-05,2026-06-09,279.92,EUR,Paid
INV02036,V007,IT,  Software & IT Services  ,2025-12-07,2025-12-11,2025-12-16,2025-12-19,1917.02,EUR,Paid
INV02037,V005,Legal,Facilities,2026-01-05,2026-01-09,2026-01-15,2026-01-19,1140.12,EUR,Paid
INV02038,V021,LEGAL,Software & IT Services,2025-11-30,2025-12-04,2025-12-09,2025-12-10,3628.0,EUR,Paid
INV02039,V013,Legal,Office Supplies,2026-06-12,2026-06-15,2026-06-24,2026-06-29,406.06,EUR,Paid
INV02040,V028,legal,Professional Services,2025-10-24,2025-10-29,2025-11-12,2025-11-14,1461.93,EUR,Paid
INV02041,V022,hr,Office Supplies,2026-03-02,2026-03-07,2026-03-08,2026-03-13,697.8,EUR,Paid
INV02042,V012,Operations,  Professional Services  ,2026-08-25,2026-08-30,2026-09-03,2026-09-04,7157.3,EUR,Paid
INV02043,V034,Operations,Office Supplies,2025-10-23,2025-10-24,2025-10-28,2025-10-31,1233.77,EUR,Paid
INV02044,V024,it,Consulting,2026-06-08,2026-06-11,2026-06-24,2026-06-26,1160.92,EUR,Paid
INV02045,V033,HR,Travel,2026-02-19,2026-02-24,2026-02-26,2026-02-28,1349.34,EUR,Paid
INV02046,V029,IT,Professional Services,2026-05-31,2026-06-04,2026-06-07,2026-06-08,967.41,EUR,Paid
INV02047,V012,Operations,Professional Services,2026-02-27,2026-03-01,2026-03-02,2026-03-03,3699.09,EUR,Paid
INV02048,V011,HR,Professional Services,2026-02-13,2026-02-15,2026-02-17,2026-02-18,198.24,EUR,  Paid  
INV02049,V023,Operations,Office Supplies,2026-07-21,2026-07-24,2026-07-25,2026-07-26,619.79,EUR,paid
INV02050,V018,Legal,Consulting,2026-02-12,2026-02-16,2026-02-18,2026-02-22,1573.76,EUR,Paid
INV02051,V019,IT,  Consulting  ,2026-06-15,2026-06-19,2026-06-26,2026-06-27,3075.06,EUR,PAID
INV02052,V025,IT,Office Supplies,2026-03-11,2026-03-15,2026-03-19,2026-03-21,3416.9,EUR,PAID
INV02053,V019,LEGAL,CONSULTING,2026-01-08,2026-01-10,2026-01-11,2026-01-16,616.92,EUR,Paid
INV02054,V019,Operations,Consulting,17-Apr-2026,2026-04-20,2026-04-28,2026-04-29,1416.47,EUR,Paid
INV02055,V032,Finance,Software & IT Services,2025-09-17,2025-09-19,2025-09-27,2025-10-16,983.5,EUR,Paid
INV02056,V002,HR,Consulting,2025-09-08,2025-09-12,2025-09-15,2025-09-18,1593.25,EUR,Paid
INV02057,V003,IT,Consulting,2026-02-01,2026-02-01,2026-02-02,2026-02-07,1146.11,EUR,Paid
INV02058,V016,Marketing,travel,2025-12-22,2025-12-23,2025-12-29,2026-01-04,5309.06,EUR,Paid
INV02059,V017,Marketing,Consulting,2025-09-11,2025-09-16,2025-09-25,2025-10-01,1135.74,EUR,  Paid  
INV02060,V020,marketing,Software & IT Services,2026-06-10,2026-06-14,2026-06-20,2026-06-21,226.31,EUR,Paid
INV02061,V040,HR,Facilities,2026-06-19,2026-06-23,2026-07-02,2026-07-03,2181.55,EUR,Paid
INV02062,V001,IT,Professional Services,2025-10-18,2025-10-18,2025-10-29,2025-11-01,1565.99,EUR,Paid
INV02063,V032,Operations,Software & IT Services,2026-03-01,2026-03-02,2026-03-04,2026-03-07,39.75,EUR,Paid
INV02064,V024,IT,Consulting,2026-01-13,2026-01-15,2026-01-21,2026-01-26,52.52,EUR,Paid
INV02065,V005,HR,Facilities,2026-01-05,2026-01-06,2026-01-07,2026-01-11,1955.91,EUR,Paid
INV02066,V027,Marketing,Professional Services,01/31/2026,2026-01-31,2026-02-05,2026-02-06,741.23,EUR,Paid
INV02067,V024,  HR  ,Consulting,2026-03-23,2026-03-27,2026-03-30,2026-04-04,681.64,EUR,Paid
INV02068,V035,It,Facilities,2025-10-09,2025-10-14,2025-10-18,2025-10-19,4958.15,EUR,Paid
INV02069,V032,Marketing,Software & IT Services,2026-05-05,2026-05-06,2026-05-08,2026-05-09,352.31,EUR,Paid
INV02070,V013,Operations,Office Supplies,2026-08-19,2026-08-24,2026-08-25,2026-08-26,276.28,EUR,Paid
INV02071,V028,HR,Professional Services,2025-10-18,2025-10-22,2025-10-25,2025-10-28,107.27,EUR,Paid
INV02072,V025,legal,Office Supplies,2026-01-31,2026-01-31,2026-02-04,2026-02-11,148.57,EUR,Paid
INV02073,V016,  Legal  ,Travel,2026-06-22,2026-06-25,2026-06-27,2026-06-29,7020.44,EUR,Paid
INV02074,V030,Finance,office supplies,2025-09-28,2025-09-30,2025-10-06,2025-10-14,823.83,EUR,PAID
INV02075,V033,Marketing,Travel,2026-04-10,2026-04-13,2026-04-15,2026-04-18,250.74,EUR,Paid
INV02076,V016,Finance,Travel,2025-12-25,2025-12-30,2026-01-01,2026-01-04,294.86,EUR,Paid
INV02077,V015,Legal,Office Supplies,2026-07-05,2026-07-05,2026-07-09,2026-07-10,928.43,EUR,Paid
INV02078,V032,Legal,Software & IT Services,2026-07-20,2026-07-23,2026-07-24,2026-07-28,512.24,EUR,  Paid  
INV02079,V011,Finance,Professional Services,2026-02-03,2026-02-07,2026-02-14,2026-02-17,87.53,EUR,Paid
INV02080,V016,Finance,Travel,2026-02-10,2026-02-14,2026-02-15,2026-02-17,3803.19,EUR,Paid
INV02081,V026,HR,Software & IT Services,2025-11-15,2025-11-17,2025-11-19,2025-11-23,421.05,EUR,Paid
INV02082,V024,HR,consulting,2026-08-23,2026-08-24,2026-08-25,2026-08-27,976.26,EUR,Paid
INV02083,V025,IT,Office Supplies,2025-09-25,2025-09-30,2025-10-04,2025-10-05,115.03,EUR,Paid
INV02084,V033,Legal,Travel,2026-03-20,2026-03-23,2026-03-24,2026-04-04,606.71,EUR,Paid
INV02085,V031,HR,Travel,2026-06-21,2026-06-25,2026-06-29,2026-06-30,698.85,EUR,Paid
INV02086,V005,Finance,Facilities,12/22/2025,2025-12-25,2025-12-27,2025-12-31,419.46,EUR,Paid
INV02087,V021,Marketing,Software & IT Services,2026/03/20,,2026-03-23,2026-03-28,994.03,EUR,Paid
INV02088,V032,IT,Software & IT Services,2026-02-19,2026-02-19,2026-02-22,2026-02-23,1903.35,EUR,Paid
INV02089,V008,Operations,Software & IT Services,2026-06-19,2026-06-24,2026-06-30,2026-07-03,496.28,EUR,Paid
INV02090,V006,Finance,Software & IT Services,2026-06-07,2026-06-10,2026-06-20,2026-06-29,633.44,EUR,Paid
INV02091,V016,MARKETING,Travel,2025-10-13,2025-10-16,2025-10-18,2025-10-19,472.22,EUR,Paid
INV02092,V022,HR,Office Supplies,2026-04-10,2026-04-15,2026-04-18,2026-04-24,1120.94,EUR,Paid
INV02093,V006,IT,Software & IT Services,2025-11-08,2025-11-11,2025-11-20,2025-11-27,260.97,EUR,Paid
INV02094,V005,HR,Facilities,2025-12-10,2025-12-13,2025-12-14,2025-12-17,3149.76,EUR,Paid
INV02095,V006,operations,Software & IT Services,2026-07-30,2026-08-03,2026-08-04,2026-08-05,1806.26,EUR,Paid
INV02096,V015,IT,Office Supplies,2026-06-14,2026-06-18,2026-06-25,2026-06-27,606.48,EUR,Paid
INV02097,V001,Legal,Professional Services,2026-05-26,2026-05-27,2026-06-01,2026-06-05,155.19,EUR,Paid
INV02098,V011,IT,Professional Services,2025-10-06,2025-10-08,2025-10-12,2025-10-14,866.76,EUR,Paid
INV02099,V035,Operations,Facilities,2026-02-12,2026-02-17,2026-02-23,2026-02-24,116.41,EUR,Paid
INV02100,V027,HR,Professional Services,2025-10-15,2025-10-15,2025-10-16,2025-10-19,685.39,EUR,  Paid  
INV02101,V011,Legal,Professional Services,2026-03-30,2026-04-02,2026-04-05,2026-04-08,1771.36,EUR,Paid
INV02102,V033,Marketing,Travel,2026-02-25,2026-02-26,2026-03-01,2026-03-08,304.55,EUR,Paid
INV02103,V029,Marketing,Professional Services,2026-02-23,2026-02-27,2026-02-28,2026-03-06,2459.68,EUR,Paid
INV02104,V023,Legal,Office Supplies,2025-09-12,2025-09-14,2025-09-17,2025-09-18,278.0,EUR,Paid
INV02105,V010,IT,Consulting,2026-02-26,2026-03-02,2026-03-06,2026-03-10,3455.23,EUR,Paid
INV02106,V040,  Operations  ,Facilities,2026-07-16,2026-07-17,2026-08-24,2026-09-02,521.6,EUR,Paid
INV02107,V039,Operations,Travel,2025-09-22,2025-09-23,2025-09-25,2025-09-29,472.86,EUR,Paid
INV02108,V012,IT,Professional Services,2026-08-16,2026-08-18,2026-08-19,2026-08-22,2040.88,EUR,Paid
INV02109,V018,IT,Consulting,2025-10-13,2025-10-13,2025-10-20,2025-10-21,250.69,EUR,Paid
INV02110,V006,Legal,Software & IT Services,2025/09/27,2025-09-28,2025-10-23,2025-10-24,1127.15,EUR,Paid
INV02111,V040,HR,  Facilities  ,2025-11-14,2025-11-16,2025-11-18,2025-11-19,931.57,EUR,Paid
INV02112,V017,Finance,Consulting,2026-02-22,2026-02-27,2026-02-28,2026-03-02,188.82,EUR,Paid
INV02113,V023,Finance,Office Supplies,2026-02-03,2026-02-06,2026-02-14,2026-02-15,131.15,EUR,Paid
INV02114,V018,Operations,Consulting,11-Sep-2025,2025-09-13,2025-09-19,2025-09-23,999.54,EUR,Paid
INV02115,V039,IT,Travel,2026-06-02,2026-06-03,2026-06-04,2026-06-05,565.4,EUR,Paid
INV02116,V029,IT,Professional Services,2026-06-06,2026-06-10,2026-06-12,2026-06-13,163.03,EUR,Paid
INV02117,V023,Marketing,Office Supplies,2026-06-07,2026-06-10,2026-06-19,2026-06-21,131.24,EUR,Paid
INV02118,V005,HR,Facilities,2025-11-11,2025-11-16,2025-11-17,2025-11-19,856.77,EUR,Paid
INV02119,V001,  Legal  ,Professional Services,2026-08-08,2026-08-08,2026-08-12,2026-08-15,601.59,EUR,Paid
INV02120,V030,Operations,Office Supplies,2026-06-25,2026-06-30,2026-07-10,2026-07-15,1753.25,EUR,Paid
INV02121,V008,HR,  Software & IT Services  ,2025-09-22,2025-09-24,2025-10-01,2025-10-02,124.95,EUR,Paid
INV02122,V028,IT,professional services,2025-09-30,2025-10-02,2025-10-07,2025-10-16,437.07,EUR,Paid
INV02123,V034,it,Office Supplies,2026-08-22,2026-08-26,2026-09-04,2026-09-06,348.6,EUR,Paid
INV02124,V024,Marketing,Consulting,2025-09-27,2025-09-30,2025-10-13,2025-10-16,164.39,EUR,Paid
INV02125,V018,Legal,Consulting,2025-09-04,2025-09-04,2025-09-06,2025-09-10,538.33,EUR,Paid
INV02126,V024,Operations,Consulting,2026-08-04,2026-08-06,2026-08-10,2026-08-13,1066.7,EUR,Paid
INV02127,V007,Legal,Software & IT Services,2026-08-03,2026-08-05,2026-08-06,2026-08-13,278.88,EUR,Paid
INV02128,V037,Finance,Software & IT Services,2025-09-09,2025-09-11,2025-09-17,2025-09-20,1633.29,EUR,Paid
INV02129,V031,Legal,  Travel  ,2026/03/16,2026-03-17,2026-03-18,2026-03-22,486.48,EUR,Paid
INV02130,V032,Operations,Software & IT Services,2026-05-18,2026-05-23,2026-05-29,2026-06-01,250.35,EUR,Paid
INV02131,V040,Finance,Facilities,2026-02-08,2026-02-11,2026-02-13,2026-02-16,241.41,EUR,Paid
INV02132,V018,HR,Consulting,2026-05-30,2026-05-30,2026-06-01,2026-06-02,143.36,EUR,Paid
INV02133,V039,IT,Travel,2025-12-10,2025-12-14,2025-12-15,2025-12-19,479.44,EUR,Paid
INV02134,V015,Operations,office supplies,2026-06-14,2026-06-19,2026-06-23,2026-06-24,3832.93,EUR,Paid
INV02135,V039,Finance,Travel,2025-09-20,2025-09-21,2025-09-23,2025-10-01,756.12,EUR,Paid
INV02136,V018,HR,Consulting,2026-02-03,2026-02-05,2026-02-09,2026-02-10,1719.88,EUR,Paid
INV02137,V002,Operations,Consulting,2026-03-20,2026-03-25,2026-03-30,2026-03-31,406.15,EUR,Paid
INV02138,V019,IT,Consulting,2025-09-09,2025-09-11,2025-09-12,2025-09-13,429.02,EUR,Paid
INV02139,V008,legal,Software & IT Services,2026-02-27,2026-03-01,2026-03-10,2026-03-13,700.88,EUR,Paid
INV02140,V032,Legal,Software & IT Services,2026-02-01,2026-02-02,2026-02-09,2026-02-11,853.24,EUR,Paid
INV02141,V010,HR,Consulting,2026-01-19,2026-01-19,2026-01-23,2026-01-24,1313.93,EUR,Paid
INV02142,V006,Legal,Software & IT Services,2026-01-09,2026-01-12,2026-01-15,2026-01-19,16763.67,EUR,Paid
INV02143,V002,Finance,Consulting,2026-06-11,2026-06-13,2026-06-16,2026-06-20,1050.56,EUR,Paid
INV02144,V039,IT,Travel,2025-11-16,2025-11-18,2025-11-20,2025-11-21,1052.68,EUR,Paid
INV02145,V017,Operations,Consulting,2026-08-02,2026-08-03,2026-08-04,2026-08-06,359.42,EUR,Paid
INV02146,V004,  Finance  ,Professional Services,2026-03-14,2026-03-18,2026-03-22,2026-03-28,61.44,EUR,Paid
INV02147,V025,Legal,Office Supplies,2026-07-10,2026-07-15,2026-07-17,2026-07-23,170.03,EUR,Paid
INV02148,V037,Legal,Software & IT Services,2025-12-25,2025-12-28,2026-01-01,2026-01-09,1447.76,EUR,Paid
INV02149,V028,IT,Professional Services,2026-06-20,2026-06-21,2026-06-22,2026-06-28,1229.0,EUR,Paid
INV02150,V010,Operations,consulting,2026-02-06,2026-02-10,2026-02-16,2026-02-19,658.29,EUR,Paid
INV02151,V010,Marketing,Consulting,2026-04-17,2026-04-21,2026-04-28,2026-04-29,961.22,EUR,Paid
INV02152,V021,IT,Software & IT Services,2025-12-14,2025-12-19,2025-12-20,2025-12-21,188.02,EUR,Paid
INV02153,V022,IT,Office Supplies,2026-06-24,2026-06-28,2026-06-29,2026-07-04,833.75,EUR,Paid
INV02154,V033,Legal,Travel,2025-12-12,2025-12-13,2025-12-17,2025-12-20,2844.02,EUR,Paid
INV02155,V022,Marketing,Office Supplies,2026-08-18,2026-08-23,2026-08-24,2026-08-26,13525.22,EUR,Paid
INV02156,V028,HR,Professional Services,2025-11-08,2025-11-11,2025-11-12,2025-11-13,1520.48,EUR,Paid
INV02157,V003,IT,Consulting,2026-08-01,2026-08-05,2026-08-16,2026-08-17,541.96,EUR,Paid
INV02158,V036,IT,Consulting,2026-02-09,2026-02-09,2026-02-13,2026-02-18,308.95,EUR,Paid
INV02159,V002,HR,Consulting,2026-05-30,2026-06-04,2026-06-09,2026-06-12,1642.74,EUR,Paid
INV02160,V009,Finance,Professional Services,2025-12-03,2025-12-05,2025-12-12,2025-12-14,980.69,EUR,Paid
INV02161,V008,IT,software & it services,2025-09-15,2025-09-17,2025-09-19,2025-09-20,532.8,EUR,Paid
INV02162,V016,Operations,Travel,2026-03-29,2026-03-31,2026-04-04,2026-04-08,248.17,EUR,Paid
INV02163,V010,Operations,Consulting,23-Jul-2026,2026-07-28,2026-07-29,2026-07-30,1831.23,EUR,Paid
INV02164,V018,Marketing,Consulting,2025/11/16,2025-11-17,2025-11-18,2025-11-23,309.27,EUR,PAID
INV02165,V010,Finance,Consulting,2025-11-06,2025-11-07,2025-11-10,2025-11-11,978.29,EUR,Paid
INV02166,V004,Finance,Professional Services,2026-07-10,2026-07-14,2026-07-21,2026-07-25,1286.89,EUR,Paid
INV02167,V002,Marketing,Consulting,2026-07-07,2026-07-11,2026-07-14,2026-07-17,544.27,EUR,Paid
INV02168,V019,HR,  Consulting  ,2025-12-27,2025-12-31,2026-01-04,2026-01-05,286.68,EUR,Paid
INV02169,V014,IT,Consulting,2025-12-27,2026-01-01,2026-01-02,2026-01-03,210.02,EUR,Paid
INV02170,V019,Finance,Consulting,2026-03-02,2026-03-02,2026-03-08,2026-03-15,270.92,EUR,  Paid  
INV02171,V005,Legal,Facilities,05/02/2026,2026-05-03,2026-05-04,2026-05-10,385.23,EUR,Paid
INV02172,V006,HR,software & it services,07/06/2026,2026-07-09,2026-07-24,2026-07-26,365.43,EUR,Paid
INV02173,V003,Legal,  Consulting  ,2026-07-29,2026-07-31,2026-08-02,2026-08-03,261.56,EUR,Paid
INV02174,V001,IT,Professional Services,2026-03-17,2026-03-20,2026-03-27,2026-04-02,1638.38,EUR,Paid
INV02175,V032,Operations,software & it services,11/09/2025,2025-11-10,2025-11-27,2025-12-06,2483.94,EUR,Paid
INV02176,V037,IT,Software & IT Services,2025-12-24,2025-12-24,2025-12-27,2025-12-30,8433.9,EUR,Paid
INV02177,V002,Operations,Consulting,2025-09-07,2025-09-09,2025-09-10,2025-09-18,349.34,EUR,Paid
INV02178,V038,Operations,Professional Services,2025-12-22,2025-12-27,2025-12-29,2026-01-01,1181.81,EUR,Paid
INV02179,V019,Legal,Consulting,2025-12-12,2025-12-13,2025-12-20,2025-12-24,315.3,EUR,Paid
INV02180,V004,  Finance  ,Professional Services,2025-11-29,2025-12-02,2025-12-16,2025-12-18,388.5,EUR,Paid
INV02181,V002,HR,CONSULTING,2026-05-08,2026-05-13,2026-05-17,2026-05-22,219.82,EUR,Paid
INV02182,V014,Marketing,Consulting,2026/04/22,2026-04-23,2026-04-27,2026-05-01,463.82,EUR,Paid
INV02183,V036,Operations,Consulting,2026-03-26,2026-03-26,2026-04-05,2026-04-09,799.11,EUR,Paid
INV02184,V013,HR,Office Supplies,2026-03-13,2026-03-18,2026-03-20,2026-03-22,312.82,EUR,Paid
INV02185,V021,MARKETING,Software & IT Services,2026-03-20,2026-03-24,2026-03-25,2026-03-27,1402.65,EUR,Paid
INV02186,V027,Legal,Professional Services,2026-06-19,2026-06-23,2026-06-27,2026-06-29,1520.38,EUR,Paid
INV02187,V008,hr,Software & IT Services,2026-05-26,2026-05-31,2026-06-11,2026-06-14,2121.64,EUR,Paid
INV02188,V037,  Legal  ,Software & IT Services,2025-09-19,2025-09-23,2025-09-27,2025-09-30,126.75,EUR,Paid
INV02189,V016,Finance,Travel,2026-04-19,2026-04-22,2026-04-26,2026-05-05,1153.2,EUR,Paid
INV02190,V012,Finance,Professional Services,2026-01-03,2026-01-07,2026-01-08,2026-01-09,1462.61,EUR,Paid
INV02191,V004,HR,Professional Services,2026-03-21,2026-03-26,2026-03-27,2026-03-29,159.39,EUR,Paid
INV02192,V032,Finance,Software & IT Services,2026-06-12,2026-06-15,2026-06-17,2026-06-20,154.94,EUR,Paid
INV02193,V027,HR,Professional Services,2026-07-19,2026-07-19,2026-07-20,2026-07-23,519.25,EUR,Paid
INV02194,V015,IT,Office Supplies,2026-01-27,2026-01-30,2026-02-07,2026-02-12,315.21,EUR,Paid
INV02195,V005,Operations,Facilities,2026-02-02,2026-02-04,2026-02-09,2026-02-11,3115.23,EUR,Paid
INV02196,V038,Operations,professional services,2025-11-24,2025-11-27,2025-12-03,2025-12-04,399.45,EUR,Paid
INV02197,V013,Marketing,Office Supplies,2026-07-10,2026-07-10,2026-07-19,2026-07-23,1366.58,EUR,Paid
INV02198,V013,Legal,Office Supplies,2026-05-22,2026-05-23,2026-05-27,2026-05-28,7066.51,EUR,Paid
INV02199,V004,Operations,  Professional Services  ,2026-07-27,2026-07-30,2026-08-01,2026-08-08,232.86,EUR,  Paid  
INV02200,V015,Finance,Office Supplies,2026-05-14,2026-05-14,2026-05-22,2026-05-24,1243.46,EUR,Paid
INV02201,V020,It,Software & IT Services,2026-06-26,2026-07-01,2026-07-02,2026-07-06,748.23,EUR,Paid
INV02202,V031,HR,Travel,2025-11-08,2025-11-11,2025-11-12,2025-11-19,1083.92,EUR,Paid
INV02203,V028,Operations,professional services,2026-02-12,2026-02-15,2026-02-23,2026-02-28,6643.89,EUR,Paid
INV02204,V035,Finance,Facilities,2025-11-30,2025-12-03,2025-12-06,2025-12-14,265.46,EUR,Paid
INV02205,V012,HR,Professional Services,2026-08-30,2026-08-31,2026-10-08,2026-11-20,224.16,EUR,  Paid  
INV02206,V028,Operations,Professional Services,2025-10-16,2025-10-18,2025-10-25,2025-10-29,2661.65,EUR,Paid
INV02207,V026,Marketing,Software & IT Services,2026-08-20,2026-08-25,2026-09-20,2026-11-07,2580.74,EUR,Paid
INV02208,V026,Legal,Software & IT Services,2025-11-22,2025-11-27,2025-11-29,2025-11-30,615.1,EUR,Paid
INV02209,V033,Legal,Travel,2025-11-02,2025-11-02,2025-11-05,2025-11-07,757.05,EUR,Paid
INV02210,V008,Finance,Software & It Services,2026-08-27,2026-08-30,2026-09-05,2026-09-06,999.37,EUR,Paid
INV02211,V006,LEGAL,Software & IT Services,2026/03/04,2026-03-04,2026-03-10,2026-03-11,373.2,EUR,Paid
INV02212,V010,HR,Consulting,2026-08-28,2026-08-31,2026-09-08,2026-09-13,542.12,EUR,Paid
INV02213,V027,Legal,Professional Services,2026-05-19,2026-05-23,2026-05-27,2026-05-28,2113.45,EUR,Paid
INV02214,V023,IT,Office Supplies,2026-03-12,2026-03-16,2026-03-20,2026-03-21,393.4,EUR,Paid
INV02215,V006,Operations,Software & IT Services,2025-09-22,,2025-09-24,2025-09-29,438.26,EUR,PAID
INV02216,V035,Marketing,Facilities,2026-06-16,2026-06-21,2026-06-26,2026-06-28,994.14,EUR,Paid
INV02217,V004,IT,Professional Services,22-Nov-2025,2025-11-23,2025-11-25,2025-11-27,326.13,EUR,Paid
INV02218,V005,IT,Facilities,2026-08-30,2026-08-30,2026-09-05,2026-09-09,1219.22,EUR,paid
INV02219,V010,Operations,  Consulting  ,2026-02-04,2026-02-06,2026-02-09,2026-02-11,478.72,EUR,Paid
INV02220,V004,Legal,Professional Services,2026-04-16,2026-04-18,2026-04-22,2026-04-23,1228.09,EUR,Paid
INV02221,V031,Legal,Travel,2025-12-01,2025-12-01,2025-12-04,2025-12-09,1576.72,EUR,Paid
INV02222,V017,IT,Consulting,2025-12-12,2025-12-12,2025-12-18,2025-12-22,324.19,EUR,Paid
INV02223,V038,  HR  ,Professional Services,2026-01-07,2026-01-07,2026-01-18,2026-01-22,1266.62,EUR,Paid
INV02224,V001,OPERATIONS,Professional Services,2026-05-12,2026-05-15,2026-05-19,2026-05-23,947.84,EUR,Paid
INV02225,V028,HR,Professional Services,2025-09-02,2025-09-06,2025-09-13,2025-09-14,1219.24,EUR,Paid
INV02226,V033,Operations,Travel,2025-12-30,2025-12-31,2026-01-07,2026-01-12,602.62,EUR,Paid
INV02227,V005,HR,Facilities,08/03/2026,2026-08-06,2026-08-12,2026-08-14,3645.9,EUR,Paid
INV02228,V034,Operations,Office Supplies,2026-03-28,2026-03-31,2026-04-09,2026-04-10,1154.02,EUR,Paid
INV02229,V040,Finance,FACILITIES,2026-07-04,2026-07-08,2026-07-11,2026-07-15,121.3,EUR,Paid
INV02230,V015,Finance,Office Supplies,2026-01-03,2026-01-07,2026-01-19,2026-01-24,630.44,EUR,Paid
INV02231,V039,Marketing,Travel,2026-07-14,2026-07-19,2026-07-21,2026-07-27,502.83,EUR,Paid
INV02232,V022,HR,Office Supplies,2025-12-15,2025-12-15,2025-12-20,2025-12-21,433.46,EUR,Paid
INV02233,V037,IT,Software & IT Services,2025-11-14,2025-11-14,2025-11-15,2025-11-18,856.17,EUR,Paid
INV02234,V010,  Legal  ,Consulting,2026-02-25,2026-02-25,2026-02-26,2026-02-28,254.24,EUR,paid
INV02235,V030,IT,Office Supplies,2025-09-16,2025-09-21,2025-09-22,2025-09-26,705.37,EUR,Paid
INV02236,V024,HR,Consulting,2026-07-05,2026-07-07,2026-07-10,2026-07-11,79.51,EUR,Paid
INV02237,V015,Marketing,Office Supplies,2025-10-14,2025-10-14,2025-10-21,2025-10-25,1644.65,EUR,  Paid  
INV02238,V015,Finance,Office Supplies,01-Apr-2026,2026-04-02,2026-04-08,2026-04-15,3337.12,EUR,Paid
INV02239,V017,  IT  ,CONSULTING,2026-08-10,2026-08-12,2026-08-23,2026-08-25,2582.06,EUR,Paid
INV02240,V022,HR,Office Supplies,2026-08-04,2026-08-09,2026-08-10,2026-08-12,2255.13,EUR,Paid
INV02241,V010,Legal,Consulting,2026-07-01,2026-07-05,2026-07-09,2026-07-11,953.43,EUR,Paid
INV02242,V020,HR,Software & IT Services,2025-11-29,2025-12-02,2025-12-08,2025-12-12,4418.59,EUR,Paid
INV02243,V027,Legal,Professional Services,2026-06-23,2026-06-25,2026-07-02,2026-07-09,569.8,EUR,Paid
INV02244,V020,Finance,Software & IT Services,2025-10-17,2025-10-19,2025-10-20,2025-10-21,1703.04,EUR,Paid
INV02245,V022,Marketing,  Office Supplies  ,2026-03-07,2026-03-10,2026-03-13,2026-03-14,225.56,EUR,Paid
INV02246,V030,Finance,Office Supplies,2026-04-06,2026-04-10,2026-04-13,2026-04-17,177.0,EUR,Paid
INV02247,V016,  Finance  ,Travel,2026-01-27,2026-01-30,2026-03-01,2026-04-29,549.34,EUR,Paid
INV02248,V028,IT,Professional Services,2025-11-01,2025-11-06,2025-11-08,2025-11-16,642.45,EUR,Paid
INV02249,V019,Marketing,Consulting,2026-02-15,2026-02-19,2026-02-20,2026-02-21,1071.75,EUR,Paid
INV02250,V013,Operations,Office Supplies,2026-05-26,2026-05-27,2026-05-30,2026-06-04,471.42,EUR,Paid
INV02251,V014,Legal,Consulting,2025-12-16,2025-12-20,2025-12-29,2026-01-05,92.4,EUR,Paid
INV02252,V016,Finance,Travel,2025-10-25,2025-10-29,2025-11-04,2025-11-10,173.12,EUR,Paid
INV02253,V001,Legal,professional services,2026-07-19,2026-07-23,2026-07-24,2026-07-30,2644.41,EUR,Paid
INV02254,V027,finance,Professional Services,2026-05-05,2026-05-10,2026-05-14,2026-05-19,1838.07,EUR,Paid
INV02255,V023,Legal,Office Supplies,2026-07-06,2026-07-11,2026-07-13,2026-07-16,418.84,EUR,Paid
INV02256,V015,Marketing,Office Supplies,2026/04/06,2026-04-10,2026-04-22,2026-05-02,1101.42,EUR,Paid
INV02257,V003,Marketing,Consulting,2026-01-10,2026-01-14,2026-01-18,2026-01-22,635.77,EUR,Paid
INV02258,V011,HR,Professional Services,2026-07-16,2026-07-18,2026-07-28,2026-08-01,1914.85,EUR,Paid
INV02259,V035,IT,Facilities,2026-07-11,2026-07-15,2026-07-21,2026-08-02,316.18,EUR,Paid
INV02260,V040,Operations,Facilities,2026-05-24,2026-05-29,2026-06-01,2026-06-06,309.13,EUR,Paid
INV02261,V005,  Legal  ,Facilities,2026-05-12,2026-05-15,2026-05-18,2026-05-24,2630.16,EUR,Paid
INV02262,V034,IT,Office Supplies,2026-07-09,2026-07-10,2026-07-18,2026-07-24,391.75,EUR,Paid
INV02263,V010,Legal,Consulting,2026-01-26,2026-01-27,2026-02-07,2026-02-11,950.69,EUR,Paid
INV02264,V030,Finance,Office Supplies,2025-10-30,2025-10-30,2025-11-02,2025-11-07,412.13,EUR,Paid
INV02265,V040,Operations,Facilities,2026-07-17,2026-07-17,2026-07-21,2026-07-26,311.62,EUR,Paid
INV02266,V037,Legal,Software & IT Services,2025-12-15,2025-12-19,2025-12-20,2025-12-24,564.17,EUR,Paid
INV02267,V030,Operations,Office Supplies,2026-03-30,2026-03-30,2026-04-02,2026-04-05,514.73,EUR,  Paid  
INV02268,V040,Marketing,Facilities,26-Feb-2026,2026-03-02,2026-03-04,2026-03-10,890.35,EUR,Paid
INV02269,V009,Legal,Professional Services,2025-12-17,2025-12-17,2025-12-18,2025-12-21,869.37,EUR,Paid
INV02270,V008,Legal,Software & IT Services,2025-12-12,2025-12-17,2025-12-26,2025-12-31,3628.28,EUR,Paid
INV02271,V013,Marketing,Office Supplies,2026-01-08,2026-01-08,2026-01-12,2026-01-14,271.92,EUR,Paid
INV02272,V004,Marketing,Professional Services,2026-01-31,2026-02-04,2026-02-09,2026-02-15,250.78,EUR,Paid
INV02273,V025,HR,Office Supplies,2026-02-12,2026-02-12,2026-03-02,2026-03-03,2372.96,EUR,Paid
INV02274,V031,Finance,Travel,2026-08-17,2026-08-19,2026-08-20,2026-08-22,425.5,EUR,Paid
INV02275,V014,  Marketing  ,Consulting,2026-03-21,2026-03-26,2026-03-28,2026-04-01,602.97,EUR,Paid
INV02276,V035,HR,Facilities,2026-07-12,2026-07-12,2026-07-13,2026-07-16,184.46,EUR,Paid
INV02277,V010,it,Consulting,2025/12/08,2025-12-10,2025-12-15,2025-12-17,245.73,EUR,Paid
INV02278,V040,Marketing,Facilities,2026-08-10,2026-08-13,2026-08-15,2026-08-17,414.42,EUR,Paid
INV02279,V038,Operations,Professional Services,2025-09-18,2025-09-23,2025-10-05,2025-10-06,182.74,EUR,Paid
INV02280,V040,IT,Facilities,2026-05-04,2026-05-05,2026-05-14,2026-05-16,1216.63,EUR,Paid
INV02281,V020,Legal,Software & IT Services,04/23/2026,2026-04-27,2026-04-29,2026-04-30,984.97,EUR,Paid
INV02282,V040,MARKETING,Facilities,2026-04-24,2026-04-27,2026-05-07,2026-05-10,502.09,EUR,paid
INV02283,V032,Legal,Software & IT Services,2025-09-28,2025-10-02,2025-10-06,2025-10-08,325.38,EUR,Paid
INV02284,V040,Marketing,  Facilities  ,2026-06-16,2026-06-21,2026-06-28,2026-07-01,582.02,EUR,Paid
INV02285,V031,  Legal  ,Travel,2026-02-08,2026-02-12,2026-03-10,2026-04-24,873.68,EUR,Paid
INV02286,V031,HR,Travel,2025-09-09,2025-09-10,2025-09-13,2025-09-14,7537.35,EUR,Paid
INV02287,V013,Hr,office supplies,2026-08-16,2026-08-18,2026-08-30,2026-09-05,597.37,EUR,Paid
INV02288,V009,Marketing,  Professional Services  ,2025-10-03,2025-10-04,2025-10-09,2025-10-14,2875.5,EUR,Paid
INV02289,V005,Marketing,Facilities,2025-09-15,2025-09-17,2025-09-25,2025-09-26,371.48,EUR,paid
INV02290,V018,Operations,Consulting,2026-07-17,2026-07-21,2026-08-05,2026-08-06,261.74,EUR,Paid
INV02291,V028,IT,  Professional Services  ,2026-06-19,2026-06-23,2026-06-24,2026-06-29,998.87,EUR,Paid
INV02292,V009,Operations,Professional Services,2025-12-04,2025-12-08,2025-12-10,2025-12-14,1086.11,EUR,Paid
INV02293,V003,finance,Consulting,2026/02/04,2026-02-09,2026-02-12,2026-02-13,696.96,EUR,Paid
INV02294,V001,Marketing,Professional Services,2026-08-29,2026-08-29,2026-09-07,2026-09-10,842.01,EUR,Paid
INV02295,V023,Marketing,Office Supplies,2026-03-30,2026-03-30,2026-04-05,2026-04-06,568.77,EUR,Paid
INV02296,V030,Operations,Office Supplies,2025-12-30,2026-01-01,2026-01-12,2026-01-15,922.42,EUR,Paid
INV02297,V027,Operations,Professional Services,2026-02-01,,2026-02-07,2026-02-08,3099.99,EUR,Paid
INV02298,V004,HR,Professional Services,2026-02-01,2026-02-02,2026-02-15,2026-02-23,7098.82,EUR,Paid
INV02299,V005,Finance,Facilities,2026-03-10,2026-03-10,2026-03-15,2026-03-17,502.62,EUR,Paid
INV02300,V040,IT,Facilities,2025-10-17,2025-10-20,2025-10-27,2025-10-31,1252.61,EUR,Paid
INV02301,V002,HR,Consulting,2025-09-12,2025-09-15,2025-09-21,2025-09-26,200.98,EUR,Paid
INV02302,V005,HR,Facilities,11/17/2025,2025-11-18,2025-11-24,2025-11-25,2053.45,EUR,Paid
INV02303,V005,Marketing,Facilities,2026-05-05,2026-05-10,2026-05-16,2026-05-18,403.62,EUR,Paid
INV02304,V002,HR,Consulting,05-Feb-2026,2026-02-07,2026-02-11,2026-02-13,7882.31,EUR,Paid
INV02305,V033,IT,Travel,2025-10-20,2025-10-24,2025-10-29,2025-11-02,51.12,EUR,Paid
INV02306,V029,  Legal  ,Professional Services,2025-11-06,2025-11-07,2025-11-20,2025-11-21,1162.39,EUR,Paid
INV02307,V035,Legal,Facilities,2025-09-18,2025-09-21,2025-09-23,2025-09-28,189.69,EUR,Paid
INV02308,V010,OPERATIONS,Consulting,2026-08-31,2026-09-04,2026-09-11,2026-09-12,1016.41,EUR,Paid
INV02309,V029,Finance,Professional Services,2025-09-02,2025-09-04,2025-09-05,2025-09-06,860.62,EUR,Paid
INV02310,V009,  Finance  ,Professional Services,2026-08-17,2026-08-21,2026-08-26,2026-08-27,960.06,EUR,Paid
INV02311,V020,Finance,SOFTWARE & IT SERVICES,2026-02-17,2026-02-20,2026-02-21,2026-02-24,470.38,EUR,Paid
INV02312,V008,Finance,Software & IT Services,2025-10-22,2025-10-26,2025-11-02,2025-11-04,457.91,EUR,  Paid  
INV02313,V013,  Legal  ,Office Supplies,06-Feb-2026,2026-02-06,2026-02-09,2026-02-15,974.64,EUR,Paid
INV02314,V003,HR,Consulting,2026-02-06,2026-02-11,2026-02-26,2026-02-28,2708.46,EUR,Paid
INV02315,V025,IT,OFFICE SUPPLIES,2026-02-11,2026-02-12,2026-02-15,2026-02-20,661.3,EUR,Paid
INV02316,V033,IT,Travel,2026-01-24,2026-01-26,2026-01-27,2026-01-30,5677.32,EUR,Paid
INV02317,V038,HR,Professional Services,2026-02-10,2026-02-13,2026-02-15,2026-02-16,2424.62,EUR,Paid
INV02318,V031,Legal,Travel,2025-10-30,2025-11-01,2025-11-04,2025-11-08,718.9,EUR,Paid
INV02319,V021,IT,Software & IT Services,2025-11-19,2025-11-21,2025-11-22,2025-11-23,1110.08,EUR,Paid
INV02320,V012,Finance,PROFESSIONAL SERVICES,2025-09-07,2025-09-11,2025-09-15,2025-09-17,239.88,EUR,Paid
INV02321,V032,HR,Software & IT Services,2026-05-21,2026-05-21,2026-06-23,2026-07-08,1038.24,EUR,Paid
INV02322,V025,it,Office Supplies,2026-06-04,2026-06-06,2026-06-13,2026-06-14,172.91,EUR,Paid
INV02323,V027,HR,Professional Services,2026-02-10,2026-02-12,2026-02-13,2026-02-14,161.55,EUR,Paid
INV02324,V017,IT,Consulting,2026-08-26,2026-08-28,2026-08-29,2026-09-12,768.56,EUR,paid
INV02325,V008,  HR  ,SOFTWARE & IT SERVICES,2026-01-03,2026-01-04,2026-01-08,2026-01-09,2650.19,EUR,Paid
INV02326,V003,Finance,Consulting,2026-02-06,2026-02-10,2026-02-15,2026-02-19,174.28,EUR,Paid
INV02327,V018,Marketing,Consulting,2026-06-03,2026-06-06,2026-06-11,2026-06-14,2361.76,EUR,Paid
INV02328,V032,  Finance  ,Software & IT Services,2025-11-05,2025-11-05,2025-11-10,2025-11-12,187.46,EUR,Paid
INV02329,V018,Operations,Consulting,2026-08-11,2026-08-11,2026-08-12,2026-08-13,871.96,EUR,Paid
INV02330,V021,Finance,Software & IT Services,2026-03-15,2026-03-15,2026-03-17,2026-03-21,2943.49,EUR,Paid
INV02331,V007,Finance,Software & IT Services,2026-04-06,2026-04-09,2026-04-14,2026-04-21,1020.42,EUR,Paid
INV02332,V019,IT,Consulting,2026-08-26,2026-08-30,2026-09-05,2026-09-08,83.97,EUR,Paid
INV02333,V026,HR,Software & It Services,2026-07-19,2026-07-24,2026-07-25,2026-07-26,474.83,EUR,Paid
INV02334,V024,Legal,Consulting,2026-04-16,2026-04-20,2026-04-22,2026-04-24,988.89,EUR,Paid
INV02335,V040,Marketing,Facilities,2026-02-06,2026-02-08,2026-02-17,2026-02-22,261.9,EUR,Paid
INV02336,V028,IT,Professional Services,2026-08-31,2026-09-05,2026-09-12,2026-09-15,9992.57,EUR,Paid
INV02337,V031,HR,Travel,2025-10-10,2025-10-13,2025-10-18,2025-10-26,822.24,EUR,Paid
INV02338,V014,hr,Consulting,2025-11-06,2025-11-06,2025-11-14,2025-11-19,2813.12,EUR,Paid
INV02339,V016,Legal,Travel,2026-04-27,2026-04-27,2026-05-03,2026-05-04,447.25,EUR,Paid
INV02340,V023,OPERATIONS,Office Supplies,2026/02/05,2026-02-10,2026-02-15,2026-02-20,982.47,EUR,Paid
INV02341,V032,Legal,Software & IT Services,2026-08-29,2026-09-01,2026-10-07,2026-11-11,265.87,EUR,Paid
INV02342,V006,Operations,Software & IT Services,2025-12-27,2025-12-28,2026-01-23,2026-02-20,252.74,EUR,Paid
INV02343,V015,It,Office Supplies,2026-07-12,2026-07-14,2026-07-19,2026-07-23,1000.87,EUR,Paid
INV02344,V009,Marketing,Professional Services,2026-03-19,2026-03-20,2026-03-22,2026-03-23,513.77,EUR,Paid
INV02345,V029,legal,Professional Services,2026-08-06,2026-08-08,2026-08-13,2026-08-18,1246.34,EUR,Paid
INV02346,V034,Marketing,Office Supplies,2026-04-20,2026-04-23,2026-04-25,2026-04-30,356.73,EUR,Paid
INV02347,V018,finance,consulting,2025-10-03,2025-10-06,2025-10-15,2025-10-16,524.05,EUR,Paid
INV02348,V005,Finance,Facilities,2026-02-26,2026-03-01,2026-03-04,2026-03-05,1059.29,EUR,Paid
INV02349,V022,Operations,  Office Supplies  ,2025-11-26,2025-11-28,2025-11-29,2025-12-03,151.48,EUR,Paid
INV02350,V022,Marketing,Office Supplies,2026-07-06,2026-07-10,2026-07-20,2026-07-27,932.97,EUR,Paid
INV02351,V019,IT,Consulting,2026-05-18,2026-05-18,2026-05-19,2026-05-25,185.7,EUR,Paid
INV02352,V034,Operations,Office Supplies,2026-08-31,2026-08-31,2026-09-01,2026-09-06,699.46,EUR,Paid
INV02353,V025,Marketing,Office Supplies,2026-06-11,2026-06-16,2026-06-18,2026-06-30,444.13,EUR,Paid
INV02354,V008,Finance,Software & IT Services,2026-02-01,2026-02-05,2026-02-10,2026-02-13,205.3,EUR,Paid
INV02355,V017,Operations,Consulting,2026-03-24,2026-03-28,2026-03-29,2026-04-02,812.21,EUR,Paid
INV02356,V015,Operations,Office Supplies,2025-12-31,2026-01-04,2026-01-08,2026-01-11,614.42,EUR,Paid
INV02357,V012,  IT  ,Professional Services,2026-06-07,2026-06-08,2026-06-14,2026-06-15,1179.75,EUR,Paid
INV02358,V012,Operations,PROFESSIONAL SERVICES,2026-03-15,2026-03-15,2026-03-16,2026-03-18,3026.94,EUR,Paid
INV02359,V010,Marketing,Consulting,2025-12-15,2025-12-20,2025-12-31,2026-01-01,2622.44,EUR,Paid
INV02360,V015,HR,Office Supplies,2026-04-08,2026-04-11,2026-04-20,2026-04-22,654.82,EUR,Paid
INV02361,V011,HR,PROFESSIONAL SERVICES,2026-02-22,2026-02-26,2026-02-28,2026-03-05,195.36,EUR,Paid
INV02362,V005,Legal,Facilities,2025/12/29,2025-12-30,2026-01-14,2026-01-17,2097.48,EUR,Paid
INV02363,V015,Legal,Office Supplies,2026-08-08,2026-08-08,2026-08-14,2026-08-17,2543.69,EUR,Paid
INV02364,V011,Legal,Professional Services,2026-08-30,2026-09-03,2026-09-07,2026-09-10,807.13,EUR,Paid
INV02365,V007,Operations,Software & IT Services,2025-10-28,2025-11-01,2025-11-02,2025-11-06,204.15,EUR,Paid
INV02366,V026,HR,  Software & IT Services  ,2026-04-25,2026-04-27,2026-04-29,2026-05-01,389.81,EUR,Paid
INV02367,V002,HR,Consulting,2025-10-19,2025-10-22,2025-10-23,2025-10-29,515.27,EUR,Paid
INV02368,V013,it,Office Supplies,2026-02-04,2026-02-07,2026-02-08,2026-02-10,16670.29,EUR,Paid
INV02369,V002,Finance,Consulting,2026-07-03,2026-07-03,2026-07-13,2026-07-15,2040.55,EUR,Paid
INV02370,V022,Legal,Office Supplies,2026-07-02,2026-07-05,2026-07-07,2026-07-09,220.18,EUR,Paid
INV02371,V040,Marketing,Facilities,2026-05-11,2026-05-16,2026-05-20,2026-05-21,501.47,EUR,Paid
INV02372,V021,Legal,Software & IT Services,2025-10-01,2025-10-01,2025-10-02,2025-10-09,658.77,EUR,Paid
INV02373,V037,IT,Software & IT Services,2025-11-10,2025-11-14,2025-11-19,2025-11-23,581.68,EUR,Paid
INV02374,V031,Legal,Travel,2025-08-31,2025-09-01,2025-09-02,2025-09-09,1093.61,EUR,Paid
INV02375,V020,  Legal  ,Software & IT Services,2025-11-15,2025-11-18,2025-11-24,2025-11-26,347.45,EUR,Paid
INV02376,V007,HR,Software & IT Services,2026-01-27,2026-01-30,2026-02-01,2026-02-03,6714.46,EUR,Paid
INV02377,V033,HR,Travel,2026-06-22,2026-06-25,2026-06-28,2026-06-30,1979.16,EUR,Paid
INV02378,V006,IT,Software & IT Services,2025-12-14,2025-12-19,2025-12-22,2025-12-24,2407.22,EUR,  Paid  
INV02379,V011,Marketing,  Professional Services  ,2026-01-31,2026-02-04,2026-02-05,2026-02-08,833.65,EUR,  Paid  
INV02380,V017,Legal,Consulting,2026-02-02,2026-02-05,2026-02-09,2026-02-10,1888.17,EUR,Paid
INV02381,V027,  Legal  ,Professional Services,2026-02-23,2026-02-23,2026-02-26,2026-03-02,71.42,EUR,Paid
INV02382,V020,HR,Software & IT Services,2025-09-04,2025-09-08,2025-09-10,2025-09-13,791.99,EUR,Paid
INV02383,V007,HR,Software & IT Services,2026-03-25,2026-03-26,2026-03-31,2026-04-03,556.17,EUR,Paid
INV02384,V009,Marketing,Professional Services,2025-10-01,2025-10-03,2025-11-07,2025-12-15,3296.76,EUR,Paid
INV02385,V030,HR,Office Supplies,2025-09-27,2025-09-27,2025-09-28,2025-09-30,267.53,EUR,Paid
INV02386,V012,Legal,Professional Services,2026-06-13,2026-06-15,2026-06-16,2026-06-19,582.81,EUR,Paid
INV02387,V033,Finance,Travel,2026-01-22,2026-01-22,2026-01-23,2026-01-25,3448.0,EUR,Paid
INV02388,V024,IT,Consulting,2026-04-09,2026-04-14,2026-04-20,2026-04-25,1696.35,EUR,Paid
INV02389,V028,HR,Professional Services,20-Mar-2026,2026-03-25,2026-03-28,2026-04-05,433.81,EUR,  Paid  
INV02390,V028,Marketing,Professional Services,2026-08-30,2026-09-02,2026-09-03,2026-09-06,332.25,EUR,Paid
INV02391,V011,Operations,Professional Services,2026-03-14,2026-03-17,2026-03-24,2026-03-30,821.32,EUR,Paid
INV02392,V014,HR,Consulting,2025-12-17,2025-12-22,2025-12-23,2025-12-24,563.19,EUR,Paid
INV02393,V004,IT,professional services,2026-05-01,2026-05-02,2026-05-03,2026-05-05,661.85,EUR,Paid
INV02394,V025,IT,Office Supplies,2026-06-11,2026-06-14,2026-06-15,2026-06-16,1635.79,EUR,Paid
INV02395,V036,Marketing,CONSULTING,2026-04-01,,2026-04-06,2026-04-08,1019.94,EUR,Paid
INV02396,V014,Marketing,consulting,08/09/2026,2026-08-10,2026-08-17,2026-08-18,1360.38,EUR,Paid
INV02397,V022,IT,Office Supplies,09/05/2025,2025-09-05,2025-09-08,2025-09-09,1500.34,EUR,Paid
INV02398,V007,  Legal  ,Software & IT Services,2025-09-08,2025-09-09,2025-09-10,2025-09-15,955.05,EUR,Paid
INV02399,V026,Legal,Software & IT Services,2026-05-07,2026-05-12,2026-05-19,2026-05-20,490.19,EUR,Paid
INV02400,V017,Operations,Consulting,2025-11-08,2025-11-08,2025-11-17,2025-11-24,4419.8,EUR,Paid
INV02401,V026,IT,Software & IT Services,2026-07-25,2026-07-28,2026-08-07,2026-08-10,442.59,EUR,Paid
INV02402,V040,Operations,Facilities,2026-08-22,2026-08-26,2026-09-02,2026-09-07,3100.76,EUR,Paid
INV02403,V011,Operations,Professional Services,2026-07-16,2026-07-17,2026-07-23,2026-07-29,317.73,EUR,Paid
INV02404,V019,Operations,Consulting,2026-05-18,2026-05-21,2026-05-26,2026-06-02,3332.75,EUR,Paid
INV02405,V023,HR,Office Supplies,2026-04-18,2026-04-21,2026-04-25,2026-04-30,291.32,EUR,Paid
INV02406,V024,Marketing,Consulting,2025-12-24,2025-12-25,2026-01-02,2026-01-07,235.93,EUR,Paid
INV02407,V020,Operations,Software & IT Services,2026-07-06,2026-07-06,2026-08-02,2026-09-04,330.74,EUR,Paid
INV02408,V003,HR,Consulting,2026-05-13,2026-05-18,2026-05-23,2026-05-24,831.81,EUR,Paid
INV02409,V020,  IT  ,Software & IT Services,2026-08-30,2026-09-03,2026-09-08,2026-09-11,1146.24,EUR,Paid
INV02410,V035,Marketing,Facilities,2026-03-29,2026-04-02,2026-04-06,2026-04-08,354.28,EUR,Paid
INV02411,V019,HR,Consulting,2026-03-06,2026-03-06,2026-03-15,2026-03-17,170.15,EUR,Paid
INV02412,V015,Finance,Office Supplies,2026-06-17,2026-06-20,2026-07-17,2026-09-10,832.97,EUR,Paid
INV02413,V027,Legal,Professional Services,2026-03-07,2026-03-07,2026-03-12,2026-03-14,615.24,EUR,Paid
INV02414,V019,HR,Consulting,2026-05-04,2026-05-09,2026-05-15,2026-05-18,455.13,EUR,Paid
INV02415,V022,Finance,office supplies,2025-11-11,2025-11-16,2025-11-22,2025-11-24,1071.75,EUR,Paid
INV02416,V017,Legal,Consulting,2026-05-27,2026-05-29,2026-06-06,2026-06-17,552.64,EUR,paid
INV02417,V039,Operations,Travel,2026-05-22,2026-05-22,2026-05-28,2026-05-30,504.81,EUR,Paid
INV02418,V037,HR,  Software & IT Services  ,2026-07-09,2026-07-09,2026-07-14,2026-07-15,953.99,EUR,Paid
INV02419,V020,IT,Software & IT Services,2026-04-29,2026-05-04,2026-05-07,2026-05-14,275.0,EUR,Paid
INV02420,V015,Legal,Office Supplies,2026-08-05,2026-08-10,2026-08-14,2026-08-16,609.21,EUR,Paid
INV02421,V032,Finance,Software & IT Services,2026-08-16,2026-08-21,2026-08-23,2026-08-24,111.02,EUR,Paid
INV02422,V011,HR,Professional Services,2026-06-23,2026-06-25,2026-06-27,2026-06-28,1091.52,EUR,Paid
INV02423,V015,HR,Office Supplies,2025-09-27,2025-09-29,2025-10-06,2025-10-10,1963.08,EUR,Paid
INV02424,V024,HR,Consulting,2025-09-05,2025-09-08,2025-09-25,2025-09-28,152.0,EUR,paid
INV02425,V035,Operations,Facilities,2026/05/20,2026-05-23,2026-05-25,2026-05-26,1115.19,EUR,Paid
INV02426,V036,HR,Consulting,2026-02-16,2026-02-19,2026-02-27,2026-02-28,11421.75,EUR,Paid
INV02427,V040,Marketing,  Facilities  ,2026-01-28,2026-01-30,2026-02-10,2026-02-17,378.88,EUR,Paid
INV02428,V011,IT,Professional Services,2025-09-18,2025-09-23,2025-09-25,2025-09-27,897.4,EUR,Paid
INV02429,V004,HR,Professional Services,2026-02-02,2026-02-07,2026-02-16,2026-02-20,153.63,EUR,Paid
INV02430,V004,  HR  ,Professional Services,2026-01-11,2026-01-11,2026-01-15,2026-01-17,1806.51,EUR,PAID
INV02431,V017,  Legal  ,Consulting,2026-04-30,2026-05-04,2026-05-07,2026-05-10,206.22,EUR,Paid
INV02432,V035,IT,Facilities,2026-06-20,2026-06-20,2026-06-25,2026-06-28,8708.74,EUR,Paid
INV02433,V029,Legal,Professional Services,2026-01-27,2026-02-01,2026-02-04,2026-02-08,2324.68,EUR,Paid
INV02434,V016,Hr,Travel,2025-09-13,2025-09-15,2025-09-21,2025-09-23,209.67,EUR,Paid
INV02435,V032,Operations,Software & IT Services,2025-10-12,2025-10-13,2025-10-16,2025-10-20,203.59,EUR,Paid
INV02436,V001,HR,professional services,2025-10-09,2025-10-11,2025-10-19,2025-10-30,292.41,EUR,  Paid  
INV02437,V003,Marketing,Consulting,2025-11-06,2025-11-10,2025-11-11,2025-11-13,1783.02,EUR,Paid
INV02438,V008,Marketing,SOFTWARE & IT SERVICES,2026-01-18,2026-01-20,2026-01-26,2026-01-28,1065.18,EUR,paid
INV02439,V032,Finance,Software & IT Services,2025-10-27,2025-10-31,2025-11-03,2025-11-06,386.24,EUR,Paid
INV02440,V019,it,Consulting,2026-06-29,2026-07-04,2026-07-13,2026-07-14,767.94,EUR,Paid
INV02441,V002,IT,Consulting,2026-08-03,2026-08-06,2026-08-09,2026-08-11,582.54,EUR,Paid
INV02442,V022,Marketing,Office Supplies,2025-11-28,2025-11-30,2025-12-04,2025-12-05,9889.19,EUR,Paid
INV02443,V003,  Legal  ,Consulting,2025-12-29,,2026-01-07,2026-01-08,959.14,EUR,paid
INV02444,V033,IT,Travel,05/28/2026,2026-05-28,2026-06-02,2026-06-05,403.85,EUR,Paid
INV02445,V019,Marketing,Consulting,2025-10-13,2025-10-14,2025-10-15,2025-10-17,140.01,EUR,Paid
INV02446,V032,HR,Software & IT Services,2025-11-17,2025-11-20,2025-11-23,2025-11-25,1595.48,EUR,Paid
INV02447,V005,Operations,Facilities,2026-03-15,2026-03-16,2026-03-19,2026-03-20,521.71,EUR,Paid
INV02448,V018,Legal,Consulting,2026-04-13,2026-04-18,2026-04-19,2026-04-22,1017.77,EUR,paid
INV02449,V030,Legal,Office Supplies,2025-11-24,2025-11-25,2025-11-29,2025-11-30,142.77,EUR,Paid
INV02450,V019,HR,  Consulting  ,2026-02-23,2026-02-23,2026-03-03,2026-03-07,2194.73,EUR,Paid
INV02451,V035,Legal,Facilities,2026-01-13,2026-01-13,2026-01-15,2026-01-20,642.16,EUR,Paid
INV02452,V008,Finance,Software & IT Services,2025-11-24,2025-11-27,2025-11-28,2025-12-03,2349.42,EUR,Paid
INV02453,V002,Operations,Consulting,2026-05-01,2026-05-03,2026-05-11,2026-05-12,1681.45,EUR,Paid
INV02454,V026,Operations,Software & IT Services,2026-05-30,2026-05-31,2026-06-04,2026-06-05,205.05,EUR,Paid
INV02455,V036,Operations,Consulting,2026-08-15,2026-08-20,2026-08-26,2026-08-28,431.93,EUR,Paid
INV02456,V038,OPERATIONS,Professional Services,2026-04-30,2026-05-02,2026-05-11,2026-05-12,1837.7,EUR,Paid
INV02457,V029,IT,Professional Services,2026-05-29,2026-06-01,2026-06-02,2026-06-09,261.17,EUR,Paid
INV02458,V025,Finance,Office Supplies,2026-01-25,2026-01-28,2026-01-30,2026-02-03,126.82,EUR,Paid
INV02459,V026,Operations,software & it services,2026-08-13,2026-08-15,2026-08-16,2026-08-20,2918.63,EUR,Paid
INV02460,V024,HR,Consulting,2026-08-15,2026-08-15,2026-08-18,2026-08-22,2132.64,EUR,Paid
INV02461,V033,Finance,Travel,2026-05-30,2026-06-04,2026-06-14,2026-06-16,22650.07,EUR,Paid
INV02462,V019,Marketing,Consulting,2026-04-09,2026-04-13,2026-04-25,2026-04-28,536.76,EUR,Paid
INV02463,V024,Legal,Consulting,17-Jan-2026,2026-01-19,2026-01-22,2026-01-27,145.73,EUR,Paid
INV02464,V021,Marketing,Software & IT Services,2026-01-14,2026-01-14,2026-01-19,2026-01-27,2093.88,EUR,Paid
INV02465,V024,Marketing,Consulting,2026-08-01,2026-08-05,2026-08-10,2026-08-11,1320.91,EUR,Paid
INV02466,V032,Operations,Software & IT Services,2026-04-24,2026-04-29,2026-05-05,2026-05-08,1032.76,EUR,Paid
INV02467,V011,Legal,Professional Services,2026-01-01,2026-01-06,2026-01-10,2026-01-13,2487.34,EUR,Paid
INV02468,V003,Legal,Consulting,2026-06-28,2026-06-29,2026-07-03,2026-07-04,221.77,EUR,Paid
INV02469,V010,HR,Consulting,2026-02-19,2026-02-24,2026-03-09,2026-03-11,3053.38,EUR,Paid
INV02470,V028,Legal,Professional Services,2025-12-01,2025-12-03,2025-12-04,2025-12-05,287.4,EUR,Paid
INV02471,V037,HR,Software & IT Services,2025-09-05,2025-09-10,2025-10-14,2025-12-03,577.86,EUR,Paid
INV02472,V010,FINANCE,Consulting,04-Oct-2025,2025-10-04,2025-10-09,2025-10-11,3750.5,EUR,Paid
INV02473,V021,Operations,Software & IT Services,2025-10-20,2025-10-24,2025-10-31,2025-11-01,334.57,EUR,paid
INV02474,V034,Finance,Office Supplies,2026-08-16,2026-08-19,2026-08-22,2026-08-27,205.67,EUR,Paid
INV02475,V020,Marketing,Software & IT Services,2025-12-21,2025-12-26,2026-01-21,2026-03-12,82.78,EUR,Paid
INV02476,V005,Marketing,Facilities,2026-01-06,2026-01-07,2026-01-24,2026-01-31,2564.87,EUR,Paid
INV02477,V011,Finance,Professional Services,2025-09-12,2025-09-16,2025-09-20,2025-09-24,1090.0,EUR,Paid
INV02478,V004,Finance,Professional Services,2025-09-29,2025-10-03,2025-10-06,2025-10-12,130.94,EUR,Paid
INV02479,V026,Legal,Software & IT Services,2025-12-20,2025-12-24,2025-12-25,2025-12-28,2233.63,EUR,Paid
INV02480,V011,Legal,Professional Services,2025-11-01,2025-11-06,2025-11-09,2025-11-10,200.44,EUR,Paid
INV02481,V009,  Finance  ,Professional Services,2025-10-14,2025-10-18,2025-10-23,2025-10-30,192.85,EUR,Paid
INV02482,V006,IT,Software & IT Services,2026-03-11,,2026-03-21,2026-03-24,187.99,EUR,Paid
INV02483,V006,Legal,Software & IT Services,2026-06-16,2026-06-17,2026-06-20,2026-06-27,1358.36,EUR,Paid
INV02484,V008,  Finance  ,SOFTWARE & IT SERVICES,2026-08-22,2026-08-23,2026-08-25,2026-08-29,406.54,EUR,Paid
INV02485,V024,Marketing,Consulting,2026-01-28,2026-01-31,2026-02-06,2026-02-11,426.44,EUR,Paid
INV02486,V038,Legal,PROFESSIONAL SERVICES,2025-10-08,2025-10-13,2025-10-16,2025-10-22,1645.03,EUR,Paid
INV02487,V018,Operations,consulting,2026-01-19,2026-01-22,2026-01-24,2026-01-25,2438.44,EUR,Paid
INV02488,V033,Legal,Travel,2026-08-07,2026-08-09,2026-08-10,2026-08-11,259.93,EUR,Paid
INV02489,V022,Marketing,Office Supplies,2025-11-21,2025-11-21,2025-11-22,2025-11-30,3769.38,EUR,Paid
INV02490,V029,Marketing,  Professional Services  ,2025-10-01,2025-10-04,2025-10-05,2025-10-07,1838.2,EUR,Paid
INV02491,V009,Operations,Professional Services,2026-02-17,2026-02-17,2026-02-20,2026-02-21,1110.09,EUR,Paid
INV02492,V013,Marketing,Office Supplies,2026-01-13,2026-01-14,2026-01-16,2026-01-17,294.76,EUR,  Paid  
INV02493,V011,Operations,Professional Services,2025-10-05,2025-10-08,2025-10-18,2025-10-20,1136.81,EUR,Paid
INV02494,V002,IT,Consulting,2026-07-09,2026-07-12,2026-07-26,2026-07-28,8159.62,EUR,Paid
INV02495,V038,IT,Professional Services,2026-07-27,2026-07-30,2026-08-04,2026-08-11,2253.03,EUR,Paid
INV02496,V038,Finance,Professional Services,2025-11-12,2025-11-16,2025-11-23,2025-11-24,163.55,EUR,Paid
INV02497,V006,Operations,Software & IT Services,2025-12-20,2025-12-24,2025-12-25,2025-12-26,5002.38,EUR,Paid
INV02498,V004,Legal,Professional Services,2025-10-24,2025-10-27,2025-10-29,2025-10-30,952.54,EUR,Paid
INV02499,V025,Legal,Office Supplies,2026-01-10,2026-01-10,2026-01-17,2026-01-19,1805.63,EUR,Paid
INV02500,V011,Finance,Professional Services,2025-10-07,2025-10-07,2025-10-14,2025-10-22,746.62,EUR,Paid
INV02501,V005,Legal,Facilities,2025-09-06,2025-09-08,2025-09-12,2025-09-13,1092.31,EUR,Paid
INV02502,V001,operations,Professional Services,2026-06-18,2026-06-19,2026-06-20,2026-06-21,261.74,EUR,Paid
INV02503,V020,IT,Software & IT Services,2025-11-04,2025-11-07,2025-11-10,2025-11-12,440.28,EUR,Paid
INV02504,V009,Marketing,Professional Services,2025-10-05,2025-10-07,2025-10-11,2025-10-12,2875.5,EUR,PAID
INV02505,V026,Legal,  Software & IT Services  ,2026-06-30,2026-07-03,2026-07-07,2026-07-11,386.57,EUR,  Paid  
INV02506,V035,IT,Facilities,2025-09-26,2025-09-26,2025-10-01,2025-10-03,858.2,EUR,Paid
INV02507,V022,Finance,Office Supplies,2026-01-06,2026-01-09,2026-01-13,2026-01-14,2226.48,EUR,Paid
INV02508,V023,HR,Office Supplies,2026-04-20,2026-04-22,2026-04-25,2026-04-28,291.32,EUR,Paid
INV02509,V019,HR,Consulting,2026-05-01,2026-05-01,2026-05-02,2026-05-05,385.01,EUR,Paid
INV02510,V009,Finance,Professional Services,2025-10-16,2025-10-18,2025-10-19,2025-10-23,192.85,EUR,Paid
INV02511,V038,Finance,Professional Services,2025-10-27,2025-10-28,2025-10-30,2025-10-31,363.72,EUR,Paid
INV02512,V009,Finance,Professional Services,2026-01-14,2026-01-15,2026-01-18,2026-01-22,893.36,EUR,Paid
INV02513,V008,IT,Software & IT Services,2026-08-02,2026-08-04,2026-08-08,2026-08-09,3192.45,EUR,Paid
INV02514,V037,Marketing,Software & IT Services,2026-02-16,2026-02-19,2026-02-21,2026-02-23,938.48,EUR,Paid
INV02515,V034,IT,Office Supplies,2025-09-26,2025-09-27,2025-09-28,2025-09-30,694.81,EUR,  Paid  
INV02516,V006,Operations,Software & IT Services,2026-03-13,2026-03-16,2026-03-17,2026-03-20,1073.78,EUR,Paid
INV02517,V003,Finance,Consulting,2025-11-06,2025-11-09,2025-11-10,2025-11-11,1763.62,EUR,Paid
INV02518,V040,Finance,Facilities,2026-02-26,2026-02-26,2026-03-01,2026-03-02,1167.67,EUR,Paid
INV02519,V024,operations,Consulting,2025-10-23,2025-10-23,2025-10-25,2025-10-29,123.72,EUR,Paid
INV02520,V015,Legal,Office Supplies,2025/11/11,2025-11-12,2025-11-17,2025-11-19,945.06,EUR,Paid
INV02521,V016,LEGAL,Travel,2026-06-22,2026-06-22,2026-06-24,2026-06-28,7020.44,EUR,Paid
INV02522,V027,Marketing,Professional Services,2025-10-11,2025-10-11,2025-10-15,2025-10-16,598.78,EUR,Paid
INV02523,V024,Legal,Consulting,2026-05-12,2026-05-13,2026-05-14,2026-05-16,54.85,EUR,Paid
INV02524,V003,Marketing,Consulting,2025-11-08,2025-11-08,2025-11-11,2025-11-12,1783.02,EUR,Paid
INV02525,V029,Operations,Professional Services,2026-06-05,2026-06-06,2026-06-11,2026-06-12,247.95,EUR,Paid
INV02526,V001,Finance,Professional Services,2026-03-03,2026-03-03,2026-03-07,2026-03-09,314.16,EUR,Paid
INV02527,V007,Operations,Software & IT Services,2025/11/21,2025-11-22,2025-11-26,2025-11-29,443.61,EUR,Paid
INV02528,V014,FINANCE,Consulting,2025-11-21,2025-11-24,2025-11-27,2025-11-28,828.75,EUR,Paid
INV02529,V036,HR,Consulting,2026-08-16,2026-08-17,2026-08-20,2026-08-22,254.97,EUR,Paid
INV02530,V018,Finance,Consulting,2025-10-10,2025-10-11,2025-10-14,2025-10-15,1758.76,EUR,paid
INV02531,V011,Marketing,Professional Services,2026-01-26,2026-01-28,2026-01-30,2026-02-03,290.79,EUR,Paid
INV02532,V006,LEGAL,Software & IT Services,2026-05-31,2026-06-02,2026-06-07,2026-06-09,434.89,EUR,paid
INV02533,V026,Legal,Software & IT Services,2026-07-20,2026-07-21,2026-07-26,2026-07-27,900.71,EUR,Paid
INV02534,V022,Finance,Office Supplies,2025-12-19,2025-12-19,2025-12-24,2025-12-28,1286.54,EUR,Paid
INV02535,V010,IT,Consulting,04/16/2026,2026-04-16,2026-04-20,2026-04-21,647.69,EUR,Paid
INV02536,V037,  IT  ,Software & It Services,2026-02-11,2026-02-11,2026-02-13,2026-02-14,780.97,EUR,Paid
INV02537,V008,Operations,Software & IT Services,2026-03-14,2026-03-16,2026-03-20,2026-03-24,403.28,EUR,Paid
INV02538,V038,Operations,  Professional Services  ,2026-01-09,2026-01-10,2026-01-12,2026-01-14,714.43,EUR,Paid
INV02539,V014,Operations,Consulting,2025-12-09,2025-12-11,2025-12-16,2025-12-20,74.45,EUR,Paid
INV02540,V022,Finance,Office Supplies,2026-05-04,2026-05-05,2026-05-07,2026-05-08,585.35,EUR,Paid
INV02541,V014,Marketing,Consulting,2026-03-23,2026-03-24,2026-03-28,2026-03-29,602.97,EUR,Paid
INV02542,V036,Legal,Consulting,2026-06-05,2026-06-07,2026-06-10,2026-06-14,3500.8,EUR,Paid
INV02543,V008,FINANCE,Software & IT Services,2026-06-07,2026-06-08,2026-06-10,2026-06-11,568.31,EUR,Paid
INV02544,V031,marketing,Travel,2026-07-03,2026-07-03,2026-07-08,2026-07-11,1065.89,EUR,Paid
INV02545,V016,HR,Travel,2026-02-12,2026-02-13,2026-02-17,2026-02-19,2877.31,EUR,Paid
INV02546,V020,Marketing,Software & IT Services,2026-03-04,2026-03-04,2026-03-06,2026-03-07,388.74,EUR,Paid
INV02547,V002,Operations,Consulting,2026-06-11,2026-06-14,2026-06-18,2026-06-20,238.12,EUR,Paid
INV02548,V017,  Finance  ,Consulting,2026-07-03,2026-07-03,2026-07-04,2026-07-07,6417.39,EUR,Paid
INV02549,V031,Legal,travel,2026-05-24,2026-05-25,2026-05-29,2026-06-01,594.13,EUR,Paid
INV02550,V017,Operations,Consulting,2025-11-09,2025-11-12,2025-11-13,2025-11-14,4419.8,EUR,Paid
